'VR-H23-VRGTFS-Dimanche-01',20000,61500,,'',0,10000,,'',0,10000,,'',0,10000,,'',0,10000,,'',0,3000,,'',0,7000,,'',0,3000,,'',0,7000,,'',0,3000,,'',0,7000,,'',0,3000,,'',0,7000,,'',0,3000,,'',0,7000,,'',0,3000,,'',0,7000,,'',0,3000,,'',0,7000,,'',0,3000,,'',0,10000,,'',0,10000,,'',0,10000,,'',0,10000,,'',0,10000,,'',0,10000,,'',0,10000,,'',0,9000,,'',0
'VR-H23-VRGTFS-Dimanche-01',20001,64500,4,'',0,10600,4,'',0,10000,4,'',0,10200,4,'',0,6500,4,'',0,3700,4,'',0,6400,4,'',0,3500,4,'',0,6600,4,'',0,3400,4,'',0,6500,4,'',0,3700,4,'',0,6300,4,'',0,3700,4,'',0,6400,4,'',0,3500,4,'',0,6500,4,'',0,3500,4,'',0,7100,4,'',0,9900,4,'',0,9800,4,'',0,10000,4,'',0,9900,4,'',0,9800,4,'',0,9500,4,'',0,9900,4,'',0,9900,4,'',0
'VR-H23-VRGTFS-Fête-1-01',20000,61500,,'',0,10000,,'',0,10000,,'',0,10000,,'',0,10000,,'',0,3000,,'',0,7000,,'',0,3000,,'',0,7000,,'',0,3000,,'',0,7000,,'',0,3000,,'',0,7000,,'',0,3000,,'',0,7000,,'',0,3000,,'',0,7000,,'',0,3000,,'',0,7000,,'',0,3000,,'',0,10000,,'',0,10000,,'',0,10000,,'',0,10000,,'',0,10000,,'',0,10000,,'',0,10000,,'',0,9000,,'',0
'VR-H23-VRGTFS-Fête-1-01',20001,64500,4,'',0,10600,4,'',0,10000,4,'',0,10200,4,'',0,6500,4,'',0,3700,4,'',0,6400,4,'',0,3500,4,'',0,6600,4,'',0,3400,4,'',0,6500,4,'',0,3700,4,'',0,6300,4,'',0,3700,4,'',0,6400,4,'',0,3500,4,'',0,6500,4,'',0,3500,4,'',0,7100,4,'',0,9900,4,'',0,9800,4,'',0,10000,4,'',0,9900,4,'',0,9800,4,'',0,9500,4,'',0,9900,4,'',0,9900,4,'',0
'VR-H23-VRGTFS-Samedi-01',20000,61500,,'',0,10000,,'',0,10000,,'',0,10000,,'',0,10000,,'',0,3000,,'',0,7000,,'',0,3000,,'',0,7000,,'',0,3000,,'',0,7000,,'',0,3000,,'',0,7000,,'',0,3000,,'',0,7000,,'',0,3000,,'',0,7000,,'',0,3000,,'',0,7000,,'',0,3000,,'',0,10000,,'',0,10000,,'',0,10000,,'',0,10000,,'',0,10000,,'',0,10000,,'',0,10000,,'',0,9000,,'',0
'VR-H23-VRGTFS-Samedi-01',20001,64500,4,'',0,10600,4,'',0,10000,4,'',0,10200,4,'',0,6500,4,'',0,3700,4,'',0,6400,4,'',0,3500,4,'',0,6600,4,'',0,3400,4,'',0,6500,4,'',0,3700,4,'',0,6300,4,'',0,3700,4,'',0,6400,4,'',0,3500,4,'',0,6500,4,'',0,3500,4,'',0,7100,4,'',0,9900,4,'',0,9800,4,'',0,10000,4,'',0,9900,4,'',0,9800,4,'',0,9500,4,'',0,9900,4,'',0,9900,4,'',0
'VR-H23-VRGTFS-Semaine-01',20000,55000,,'',0,5500,,'',0,1500,,'',0,1500,,'',0,600,,'',0,900,,'',0,5500,,'',0,1500,,'',0,1500,,'',0,1500,,'',0,5000,,'',0,1500,,'',0,1500,,'',0,1500,,'',0,5500,,'',0,3000,,'',0,7000,,'',0,3000,,'',0,7000,,'',0,3000,,'',0,7000,,'',0,1500,,'',0,1500,,'',0,1500,,'',0,5500,,'',0,1500,,'',0,1500,,'',0,7000,,'',0,3000,,'',0,7000,,'',0,1500,,'',0,1500,,'',0,1500,,'',0,5500,,'',0,1500,,'',0,1500,,'',0,1500,,'',0,5500,,'',0,1500,,'',0,1500,,'',0,1500,,'',0,5500,,'',0,1500,,'',0,1500,,'',0,1500,,'',0,5500,,'',0,3000,,'',0,7000,,'',0,3000,,'',0,7000,,'',0,1500,,'',0,1500,,'',0,7000,,'',0,3000,,'',0,10000,,'',0,10000,,'',0,8000,,'',0
'VR-H23-VRGTFS-Semaine-01',20001,54800,4,'',0,5500,4,'',0,1500,4,'',0,1800,4,'',0,1500,4,'',0,5600,4,'',0,2100,4,'',0,2200,4,'',0,900,4,'',0,6000,4,'',0,1100,4,'',0,1900,4,'',0,800,4,'',0,5800,4,'',0,700,4,'',0,2000,4,'',0,6400,4,'',0,3500,4,'',0,6400,4,'',0,3500,4,'',0,6400,4,'',0,3700,4,'',0,7200,4,'',0,600,4,'',0,1900,4,'',0,1000,4,'',0,5600,4,'',0,3500,4,'',0,6700,4,'',0,3900,4,'',0,6300,4,'',0,1400,4,'',0,2500,4,'',0,900,4,'',0,6300,4,'',0,1100,4,'',0,1900,4,'',0,900,4,'',0,5900,4,'',0,700,4,'',0,1900,4,'',0,1000,4,'',0,6000,4,'',0,600,4,'',0,2100,4,'',0,6900,4,'',0,2800,4,'',0,7000,4,'',0,3000,4,'',0,7000,4,'',0,9400,4,'',0,10000,4,'',0,4900,4,'',0
'VR-H23-VRGTFS-Semaine-02',20000,55000,,'',0,5500,,'',0,1500,,'',0,1500,,'',0,600,,'',0,900,,'',0,5500,,'',0,1500,,'',0,1500,,'',0,1500,,'',0,5000,,'',0,1500,,'',0,1500,,'',0,1500,,'',0,5500,,'',0,3000,,'',0,7000,,'',0,3000,,'',0,7000,,'',0,3000,,'',0,7000,,'',0,1500,,'',0,1500,,'',0,1500,,'',0,5500,,'',0,1500,,'',0,1500,,'',0,7000,,'',0,3000,,'',0,7000,,'',0,1500,,'',0,1500,,'',0,1500,,'',0,5500,,'',0,1500,,'',0,1500,,'',0,1500,,'',0,5500,,'',0,1500,,'',0,1500,,'',0,1500,,'',0,5500,,'',0,1500,,'',0,1500,,'',0,1500,,'',0,5500,,'',0,3000,,'',0,7000,,'',0,3000,,'',0,7000,,'',0,1500,,'',0,1500,,'',0,7000,,'',0,3000,,'',0,10000,,'',0,10000,,'',0,8000,,'',0
'VR-H23-VRGTFS-Semaine-02',20001,54800,4,'',0,5500,4,'',0,1500,4,'',0,1800,4,'',0,1500,4,'',0,5600,4,'',0,2100,4,'',0,2200,4,'',0,900,4,'',0,6000,4,'',0,1100,4,'',0,1900,4,'',0,800,4,'',0,5800,4,'',0,700,4,'',0,2000,4,'',0,6400,4,'',0,3500,4,'',0,6400,4,'',0,3500,4,'',0,6400,4,'',0,3700,4,'',0,7200,4,'',0,600,4,'',0,1900,4,'',0,1000,4,'',0,5600,4,'',0,3500,4,'',0,6700,4,'',0,3900,4,'',0,6300,4,'',0,1400,4,'',0,2500,4,'',0,900,4,'',0,6300,4,'',0,1100,4,'',0,1900,4,'',0,900,4,'',0,5900,4,'',0,700,4,'',0,1900,4,'',0,1000,4,'',0,6000,4,'',0,600,4,'',0,2100,4,'',0,6900,4,'',0,2800,4,'',0,7000,4,'',0,3000,4,'',0,7000,4,'',0,9400,4,'',0,10000,4,'',0,4900,4,'',0
'VR-H23-VRGTFS-Semaine-01',20100,152500,,'',0,3000,,'',0,6500,,'',0,1500,,'',0,1500,,'',0,6000,,'',0,1000,,'',0,3000,,'',0,7000,,'',0
'VR-H23-VRGTFS-Semaine-01',20101,63100,4,'',0,2600,4,'',0,5600,4,'',0,700,4,'',0,1300,4,'',0,1900,4,'',0,5100,4,'',0,1600,4,'',0,1200,4,'',0
'VR-H23-VRGTFS-Semaine-02',20100,152500,,'',0,3000,,'',0,6500,,'',0,1500,,'',0,1500,,'',0,6000,,'',0,1000,,'',0,3000,,'',0,7000,,'',0
'VR-H23-VRGTFS-Semaine-02',20101,63100,4,'',0,2600,4,'',0,5600,4,'',0,700,4,'',0,1300,4,'',0,1900,4,'',0,5100,4,'',0,1600,4,'',0,1200,4,'',0
