'VR-A23-VRGTFS-Fête-2-15',2500,51100,,'',0,9000,,'',0,2500,,'',0,3000,,'',0,7000,,'',0
'VR-A23-VRGTFS-Fête-2-15',2501,170900,,'',0,4000,,'',0,6000,,'',0,3000,,'',0,8000,,'',0
'VR-A23-VRGTFS-Semaine-03',2500,51100,,'',0,9000,,'',0,2500,,'',0,3000,,'',0,7000,,'',0
'VR-A23-VRGTFS-Semaine-03',2501,170900,,'',0,4000,,'',0,6000,,'',0,3000,,'',0,8000,,'',0
'VR-A23-VRGTFS-Dimanche-01',20000,71500,4,'',0,10000,4,'',0,10800,4,'',0,10000,4,'',0,10100,4,'',0,2400,4,'',0,7600,4,'',0,2200,4,'',0,7800,4,'',0,2200,4,'',0,7900,4,'',0,2300,4,'',0,7700,4,'',0,2100,4,'',0,7800,4,'',0,2200,4,'',0,7800,4,'',0,3000,4,'',0,7000,4,'',0,2900,4,'',0,9900,4,'',0,9900,4,'',0,9900,4,'',0,10000,4,'',0,9300,4,'',0,10000,4,'',0,9900,4,'',0,8900,4,'',0
'VR-A23-VRGTFS-Dimanche-01',20001,54500,,'',0,10000,,'',0,10000,,'',0,10000,,'',0,7000,,'',0,3000,,'',0,7000,,'',0,3000,,'',0,7000,,'',0,3000,,'',0,7000,,'',0,3000,,'',0,7000,,'',0,3000,,'',0,7000,,'',0,3000,,'',0,7000,,'',0,3000,,'',0,7000,,'',0,10000,,'',0,10000,,'',0,10000,,'',0,10000,,'',0,10000,,'',0,10000,,'',0,10000,,'',0,10000,,'',0
'VR-A23-VRGTFS-Fête-1-15',20000,71500,4,'',0,10000,4,'',0,10800,4,'',0,10000,4,'',0,10100,4,'',0,2400,4,'',0,7600,4,'',0,2200,4,'',0,7800,4,'',0,2200,4,'',0,7900,4,'',0,2300,4,'',0,7700,4,'',0,2100,4,'',0,7800,4,'',0,2200,4,'',0,7800,4,'',0,3000,4,'',0,7000,4,'',0,2900,4,'',0,9900,4,'',0,9900,4,'',0,9900,4,'',0,10000,4,'',0,9300,4,'',0,10000,4,'',0,9900,4,'',0,8900,4,'',0
'VR-A23-VRGTFS-Fête-1-15',20001,54500,,'',0,10000,,'',0,10000,,'',0,10000,,'',0,7000,,'',0,3000,,'',0,7000,,'',0,3000,,'',0,7000,,'',0,3000,,'',0,7000,,'',0,3000,,'',0,7000,,'',0,3000,,'',0,7000,,'',0,3000,,'',0,7000,,'',0,3000,,'',0,7000,,'',0,10000,,'',0,10000,,'',0,10000,,'',0,10000,,'',0,10000,,'',0,10000,,'',0,10000,,'',0,10000,,'',0
'VR-A23-VRGTFS-Fête-2-15',20000,65200,4,'',0,7500,4,'',0,3000,4,'',0,6200,4,'',0,600,4,'',0,2900,4,'',0,5000,4,'',0,1500,4,'',0,2200,4,'',0,700,4,'',0,6400,4,'',0,2100,4,'',0,7700,4,'',0,2300,4,'',0,7700,4,'',0,2300,4,'',0,7700,4,'',0,2400,4,'',0,7500,4,'',0,800,4,'',0,1700,4,'',0,7800,4,'',0,2200,4,'',0,7900,4,'',0,900,4,'',0,3000,4,'',0,400,4,'',0,6700,4,'',0,400,4,'',0,2100,4,'',0,800,4,'',0,6400,4,'',0,700,4,'',0,2200,4,'',0,200,4,'',0,5900,4,'',0,700,4,'',0,2200,4,'',0,900,4,'',0,5900,4,'',0,3100,4,'',0,6900,4,'',0,3000,4,'',0,7100,4,'',0,2800,4,'',0,6700,4,'',0,3000,4,'',0,9300,4,'',0,9800,4,'',0,8000,4,'',0
'VR-A23-VRGTFS-Fête-2-15',20001,50000,,'',0,1500,,'',0,1500,,'',0,1500,,'',0,5500,,'',0,1500,,'',0,1500,,'',0,1500,,'',0,5500,,'',0,1500,,'',0,1500,,'',0,1500,,'',0,5500,,'',0,1500,,'',0,1500,,'',0,7000,,'',0,3000,,'',0,7000,,'',0,3000,,'',0,7000,,'',0,3000,,'',0,7000,,'',0,3000,,'',0,7000,,'',0,3000,,'',0,7000,,'',0,3000,,'',0,7000,,'',0,3000,,'',0,7000,,'',0,3000,,'',0,7000,,'',0,3000,,'',0,7000,,'',0,3000,,'',0,7000,,'',0,3000,,'',0,7000,,'',0,3000,,'',0,7000,,'',0,10000,,'',0,10000,,'',0,5000,,'',0
'VR-A23-VRGTFS-Samedi-01',20000,71500,4,'',0,10000,4,'',0,10800,4,'',0,10000,4,'',0,10100,4,'',0,2400,4,'',0,7600,4,'',0,2200,4,'',0,7800,4,'',0,2200,4,'',0,7900,4,'',0,2300,4,'',0,7700,4,'',0,2100,4,'',0,7800,4,'',0,2200,4,'',0,7800,4,'',0,3000,4,'',0,7000,4,'',0,2900,4,'',0,9900,4,'',0,9900,4,'',0,9900,4,'',0,10000,4,'',0,9300,4,'',0,10000,4,'',0,9900,4,'',0,8900,4,'',0
'VR-A23-VRGTFS-Samedi-01',20001,54500,,'',0,10000,,'',0,10000,,'',0,10000,,'',0,7000,,'',0,3000,,'',0,7000,,'',0,3000,,'',0,7000,,'',0,3000,,'',0,7000,,'',0,3000,,'',0,7000,,'',0,3000,,'',0,7000,,'',0,3000,,'',0,7000,,'',0,3000,,'',0,7000,,'',0,10000,,'',0,10000,,'',0,10000,,'',0,10000,,'',0,10000,,'',0,10000,,'',0,10000,,'',0,10000,,'',0
'VR-A23-VRGTFS-Semaine-03',20000,65200,4,'',0,6000,4,'',0,1500,4,'',0,200,4,'',0,1300,4,'',0,600,4,'',0,900,4,'',0,6200,4,'',0,600,4,'',0,1400,4,'',0,1500,4,'',0,5000,4,'',0,1500,4,'',0,2200,4,'',0,700,4,'',0,6400,4,'',0,2100,4,'',0,7700,4,'',0,2300,4,'',0,7700,4,'',0,2300,4,'',0,7700,4,'',0,800,4,'',0,1600,4,'',0,1200,4,'',0,6300,4,'',0,800,4,'',0,1700,4,'',0,7800,4,'',0,2200,4,'',0,7900,4,'',0,900,4,'',0,3000,4,'',0,400,4,'',0,6700,4,'',0,400,4,'',0,2100,4,'',0,800,4,'',0,6400,4,'',0,700,4,'',0,2200,4,'',0,200,4,'',0,5900,4,'',0,700,4,'',0,2200,4,'',0,900,4,'',0,5900,4,'',0,3100,4,'',0,6900,4,'',0,3000,4,'',0,7100,4,'',0,1500,4,'',0,1300,4,'',0,6700,4,'',0,3000,4,'',0,9300,4,'',0,9800,4,'',0,8000,4,'',0
'VR-A23-VRGTFS-Semaine-03',20001,50000,,'',0,1500,,'',0,1500,,'',0,1500,,'',0,5500,,'',0,1500,,'',0,1500,,'',0,1500,,'',0,5500,,'',0,1500,,'',0,1500,,'',0,1500,,'',0,5500,,'',0,1500,,'',0,1500,,'',0,7000,,'',0,3000,,'',0,7000,,'',0,3000,,'',0,7000,,'',0,3000,,'',0,7000,,'',0,1500,,'',0,1500,,'',0,1500,,'',0,5500,,'',0,3000,,'',0,7000,,'',0,3000,,'',0,7000,,'',0,1500,,'',0,1500,,'',0,1500,,'',0,5500,,'',0,1500,,'',0,1500,,'',0,1500,,'',0,5500,,'',0,1500,,'',0,1500,,'',0,1500,,'',0,5500,,'',0,1500,,'',0,1500,,'',0,7000,,'',0,3000,,'',0,7000,,'',0,3000,,'',0,7000,,'',0,10000,,'',0,10000,,'',0,5000,,'',0
'VR-A23-VRGTFS-Fête-2-15',30000,140200,4,'',0,10000,4,'',0,10000,4,'',0,23000,4,'',0,10000,4,'',0
'VR-A23-VRGTFS-Fête-2-15',30001,54700,,'',0,10000,,'',0,10000,,'',0,18000,,'',0,10000,,'',0,10000,,'',0
'VR-A23-VRGTFS-Semaine-03',30000,140200,4,'',0,10000,4,'',0,10000,4,'',0,23000,4,'',0,10000,4,'',0
'VR-A23-VRGTFS-Semaine-03',30001,54700,,'',0,10000,,'',0,10000,,'',0,18000,,'',0,10000,,'',0,10000,,'',0
