1100,73222,1,0
1100,73213,2,0
1100,73301,3,0
1100,73305,4,0
1100,73330,5,0
1100,73331,6,0
1100,73332,7,0
1100,73333,8,0
1100,73334,9,0
1100,73357,10,0
1100,73335,11,0
1100,73336,12,0
1100,73337,13,0
1100,73986,14,0
1100,73987,15,0
1100,73890,16,0
1100,73338,17,0
1100,73339,18,0
1100,73340,19,0
1100,73879,20,0
1100,73341,21,0
1100,73342,22,0
1100,73343,23,0
1100,73884,24,0
1100,73886,25,0
1100,73887,26,0
1100,73401,27,0
1100,73895,28,0
1100,73896,29,0
1100,73897,30,0
1100,73898,31,0
1100,73899,32,0
1100,73900,33,0
1100,73901,34,0
1100,73902,35,0
1100,73358,36,0
1100,73359,37,0
1100,73344,38,0
1100,73306,39,0
1100,73302,40,0
1100,73214,41,1
1101,73222,1,0
1101,73213,2,0
1101,73301,3,0
1101,73363,4,0
1101,73364,5,0
1101,73365,6,0
1101,73360,7,0
1101,73361,8,0
1101,73940,9,0
1101,73912,10,0
1101,73913,11,0
1101,73914,12,0
1101,73916,13,0
1101,73917,14,0
1101,73918,15,0
1101,73919,16,0
1101,73346,17,0
1101,73347,18,0
1101,73348,19,0
1101,73366,20,0
1101,73356,21,0
1101,73314,22,0
1101,73312,23,0
1101,73349,24,0
1101,73350,25,0
1101,73351,26,0
1101,73352,27,0
1101,73353,28,0
1101,73354,29,0
1101,73345,30,0
1101,73355,31,0
1101,73362,32,0
1101,73306,33,0
1101,73302,34,0
1101,73214,35,1
1200,73222,1,0
1200,73213,2,0
1200,73301,3,0
1200,73440,4,0
1200,73471,5,0
1200,73441,6,0
1200,73442,7,0
1200,73466,8,0
1200,73443,9,0
1200,73444,10,0
1200,73445,11,0
1200,73467,12,0
1200,73468,13,0
1200,73469,14,0
1200,73446,15,0
1200,73447,16,0
1200,73448,17,0
1200,73449,18,0
1200,73450,19,0
1200,73451,20,0
1200,73452,21,0
1200,73453,22,0
1200,73454,23,0
1200,73455,24,0
1200,73931,25,0
1200,73932,26,0
1200,73933,27,0
1200,73456,28,0
1200,73457,29,0
1200,73458,30,0
1200,73459,31,0
1200,73460,32,0
1200,73470,33,0
1200,73461,34,0
1200,73462,35,0
1200,73463,36,0
1200,73464,37,0
1200,73465,38,0
1200,73937,39,0
1200,73967,40,0
1200,73427,41,0
1200,73939,42,0
1200,73434,43,0
1200,73303,44,0
1200,73306,45,0
1200,73302,46,0
1200,73214,47,1
2100,73885,1,0
2100,73986,2,0
2100,73987,3,0
2100,73890,4,0
2100,73878,5,0
2100,73340,6,0
2100,73879,7,0
2100,73880,8,0
2100,73881,9,0
2100,73882,10,0
2100,73883,11,0
2100,73884,12,0
2100,73886,13,0
2100,73887,14,0
2100,73888,15,0
2100,73889,16,0
2100,73891,17,0
2100,73892,18,0
2100,73303,19,0
2100,73305,20,0
2100,73307,21,0
2100,73309,22,0
2100,73311,23,0
2100,73313,24,0
2100,73985,25,1
2101,73985,1,0
2101,73314,2,0
2101,73312,3,0
2101,73310,4,0
2101,73308,5,0
2101,73306,6,0
2101,73367,7,0
2101,73368,8,0
2101,73369,9,0
2101,73333,10,0
2101,73334,11,0
2101,73357,12,0
2101,73370,13,0
2101,73371,14,0
2101,73372,15,0
2101,73373,16,0
2101,73374,17,0
2101,73375,18,0
2101,73376,19,0
2101,73377,20,0
2101,73378,21,0
2101,73379,22,0
2101,73380,23,0
2101,73381,24,1
2200,73895,1,0
2200,73896,2,0
2200,73897,3,0
2200,73898,4,0
2200,73899,5,0
2200,73900,6,0
2200,73901,7,0
2200,73902,8,0
2200,73903,9,0
2200,73306,10,0
2200,73304,11,0
2200,73909,12,0
2200,73910,13,0
2200,73911,14,0
2200,73912,15,0
2200,73913,16,0
2200,73914,17,0
2200,73044,18,0
2200,73915,19,0
2200,73894,20,0
2200,73916,21,0
2200,73917,22,0
2200,73918,23,0
2200,73919,24,0
2200,73920,25,0
2200,73985,26,0
2200,73314,27,1
2201,73313,1,0
2201,73985,2,0
2201,73382,3,0
2201,73383,4,0
2201,73384,5,0
2201,73385,6,0
2201,73386,7,0
2201,73387,8,0
2201,73388,9,0
2201,73043,10,0
2201,73389,11,0
2201,73390,12,0
2201,73391,13,0
2201,73392,14,0
2201,73393,15,0
2201,73394,16,0
2201,73303,17,0
2201,73305,18,0
2201,73330,19,0
2201,73331,20,0
2201,73395,21,0
2201,73332,22,0
2201,73396,23,0
2201,73397,24,0
2201,73398,25,0
2201,73399,26,0
2201,73400,27,1
2300,73941,1,0
2300,73103,2,0
2300,73201,3,0
2300,73203,4,0
2300,73205,5,0
2300,73207,6,0
2300,73215,7,0
2300,73211,8,0
2300,73213,9,0
2300,73301,10,0
2300,73440,11,0
2300,73426,12,0
2300,73428,13,0
2300,73430,14,0
2300,73486,15,0
2300,73472,16,0
2300,73473,17,0
2300,73474,18,0
2300,73475,19,0
2300,73476,20,0
2300,73477,21,0
2300,73478,22,0
2300,73479,23,0
2300,73480,24,0
2300,73446,25,0
2300,73481,26,0
2300,73448,27,0
2300,73449,28,0
2300,73482,29,0
2300,73483,30,0
2300,73484,31,0
2300,73485,32,1
2301,73969,1,0
2301,73988,2,0
2301,73921,3,0
2301,73922,4,0
2301,73923,5,0
2301,73924,6,0
2301,73925,7,0
2301,73926,8,0
2301,73927,9,0
2301,73928,10,0
2301,73929,11,0
2301,73930,12,0
2301,73931,13,0
2301,73932,14,0
2301,73933,15,0
2301,73934,16,0
2301,73935,17,0
2301,73936,18,0
2301,73937,19,0
2301,73967,20,0
2301,73427,21,0
2301,73939,22,0
2301,73434,23,0
2301,73302,24,0
2301,73214,25,0
2301,73212,26,0
2301,73216,27,0
2301,73208,28,0
2301,73206,29,0
2301,73204,30,0
2301,73202,31,0
2301,73104,32,0
2301,73941,33,1
2400,73966,1,0
2400,73053,2,0
2400,73054,3,0
2400,73055,4,0
2400,73056,5,0
2400,73057,6,0
2400,73058,7,0
2400,73059,8,0
2400,73060,9,0
2400,73061,10,0
2400,73062,11,0
2400,73063,12,0
2400,73064,13,0
2400,73065,14,0
2400,73066,15,0
2400,73067,16,0
2400,73068,17,0
2400,73069,18,0
2400,73070,19,0
2400,73071,20,0
2400,73072,21,0
2400,73073,22,0
2400,73074,23,0
2400,73075,24,0
2400,73076,25,0
2400,73077,26,0
2400,73078,27,0
2400,73079,28,1
2401,73942,1,0
2401,73943,2,0
2401,73944,3,0
2401,73945,4,0
2401,73946,5,0
2401,73947,6,0
2401,73948,7,0
2401,73949,8,0
2401,73950,9,0
2401,73951,10,0
2401,73952,11,0
2401,73953,12,0
2401,73954,13,0
2401,73955,14,0
2401,73956,15,0
2401,73957,16,0
2401,73958,17,0
2401,73959,18,0
2401,73960,19,0
2401,73961,20,0
2401,73962,21,0
2401,73963,22,0
2401,73964,23,0
2401,73990,24,0
2401,73965,25,0
2401,73980,26,0
2401,73981,27,0
2401,73966,28,1
2500,73634,1,0
2500,73996,2,0
2500,73608,3,0
2500,73510,4,0
2500,73502,5,0
2500,73320,6,0
2500,73318,7,0
2500,73985,8,1
2501,73985,1,0
2501,73317,2,0
2501,73319,3,0
2501,73501,4,0
2501,73509,5,0
2501,73607,6,0
2501,73996,7,0
2501,73633,8,1
2600,73966,1,0
2600,73822,2,0
2600,73080,3,0
2600,73081,4,0
2600,73082,5,0
2600,73083,6,0
2600,73084,7,0
2600,73085,8,0
2600,73086,9,0
2600,73087,10,0
2600,73088,11,0
2600,73089,12,0
2600,73090,13,0
2600,73091,14,0
2600,73092,15,0
2600,73093,16,0
2600,73094,17,0
2600,73095,18,0
2600,73096,19,1
2601,73989,1,0
2601,73839,2,0
2601,73838,3,0
2601,73837,4,0
2601,73836,5,0
2601,73835,6,0
2601,73834,7,0
2601,73833,8,0
2601,73832,9,0
2601,73831,10,0
2601,73830,11,0
2601,73829,12,0
2601,73828,13,0
2601,73827,14,0
2601,73826,15,0
2601,73825,16,0
2601,73824,17,0
2601,73823,18,0
2601,73966,19,1
3000,71321,1,0
3000,73905,2,0
3000,73637,3,0
3000,73639,4,0
3000,73641,5,0
3000,73643,6,0
3000,73645,7,0
3000,73622,8,0
3000,73618,9,0
3000,73600,10,0
3000,73617,11,0
3000,73621,12,0
3000,73646,13,0
3000,73644,14,0
3000,73642,15,0
3000,73640,16,0
3000,73638,17,0
3000,73594,18,0
3000,71332,19,1
5001,73996,1,0
5001,73765,2,0
5001,73766,3,0
5001,73767,4,0
5001,73768,5,0
5001,73769,6,0
5001,73770,7,0
5001,73771,8,0
5001,73772,9,0
5001,73700,10,0
5001,73773,11,0
5001,73774,12,0
5001,73775,13,0
5001,73776,14,0
5001,73777,15,1
5100,73996,1,0
5100,73702,2,0
5100,73703,3,0
5100,73704,4,0
5100,73705,5,0
5100,73706,6,0
5100,73707,7,0
5100,73708,8,0
5100,73709,9,0
5100,73710,10,0
5100,73711,11,0
5100,73712,12,0
5100,73713,13,0
5100,73714,14,0
5100,73715,15,0
5100,73716,16,0
5100,73717,17,1
5201,73996,1,0
5201,73718,2,0
5201,73719,3,0
5201,73624,4,0
5201,73906,5,0
5201,73615,6,0
5201,73600,7,0
5201,73720,8,0
5201,73721,9,0
5201,73722,10,0
5201,73723,11,0
5201,73724,12,0
5201,73725,13,0
5201,73726,14,0
5201,73727,15,0
5201,73728,16,0
5201,73729,17,0
5201,73730,18,0
5201,73731,19,0
5201,73732,20,0
5201,73733,21,0
5201,73734,22,0
5201,73735,23,0
5201,73736,24,0
5201,73737,25,0
5201,73738,26,0
5201,73907,27,0
5201,73623,28,0
5201,73739,29,0
5201,73717,30,1
5300,73996,1,0
5300,73702,2,0
5300,73740,3,0
5300,73741,4,0
5300,73742,5,0
5300,73743,6,0
5300,73744,7,0
5300,73745,8,0
5300,73746,9,0
5300,73747,10,0
5300,73748,11,0
5300,73749,12,0
5300,73750,13,0
5300,73751,14,0
5300,73752,15,0
5300,73753,16,0
5300,73754,17,0
5300,73755,18,0
5300,73756,19,0
5300,73757,20,0
5300,73758,21,0
5300,73759,22,0
5300,73760,23,0
5300,73761,24,0
5300,73762,25,0
5300,73763,26,0
5300,73764,27,1
5401,73996,1,0
5401,73765,2,0
5401,73780,3,0
5401,73781,4,0
5401,73782,5,0
5401,73783,6,0
5401,73784,7,0
5401,73785,8,0
5401,73646,9,0
5401,73786,10,0
5401,73787,11,0
5401,73788,12,0
5401,73771,13,0
5401,73772,14,0
5401,73700,15,0
5401,73773,16,0
5401,73789,17,0
5401,73790,18,0
5401,73791,19,0
5401,73792,20,0
5401,73793,21,0
5401,73794,22,0
5401,73795,23,0
5401,73796,24,0
5401,73797,25,0
5401,73798,26,0
5401,73777,27,1
5501,73700,1,0
5501,79998,2,0
5501,79997,3,0
5501,73681,4,0
5501,73697,5,0
5501,73698,6,0
5501,73699,7,0
5501,79994,8,0
5501,79995,9,0
5501,79996,10,0
5501,73682,11,0
5501,73683,12,0
5501,73684,13,0
5501,73685,14,0
5501,73686,15,0
5501,73687,16,0
5501,73688,17,0
5501,73689,18,0
5501,73690,19,0
5501,73691,20,0
5501,73692,21,0
5501,73693,22,0
5501,73694,23,0
5501,73695,24,0
5501,73696,25,0
5501,79993,26,0
5501,73701,27,0
5501,79999,28,1
5601,73996,1,0
5601,73807,2,0
5601,73808,3,0
5601,73809,4,0
5601,73810,5,0
5601,73811,6,0
5601,73812,7,0
5601,73813,8,0
5601,73814,9,0
5601,73815,10,0
5601,73816,11,0
5601,73817,12,0
5601,73818,13,0
5601,73819,14,0
5601,73820,15,0
5601,73821,16,0
5601,73648,17,0
5601,73649,18,0
5601,73650,19,0
5601,73651,20,0
5601,73717,21,1
5700,73996,1,0
5700,73679,2,0
5700,73680,3,0
5700,73652,4,0
5700,73653,5,0
5700,73654,6,0
5700,73655,7,0
5700,73656,8,0
5700,73657,9,0
5700,73658,10,0
5700,73659,11,0
5700,73588,12,0
5700,73660,13,0
5700,73661,14,0
5700,73662,15,0
5700,73663,16,0
5700,73664,17,0
5700,73772,18,0
5700,73700,19,0
5700,73773,20,0
5700,73771,21,0
5700,73678,22,0
5700,73677,23,0
5700,73676,24,0
5700,73675,25,0
5700,73587,26,0
5700,73674,27,0
5700,73673,28,0
5700,73672,29,0
5700,73671,30,0
5700,73670,31,0
5700,73669,32,0
5700,73668,33,0
5700,73667,34,0
5700,73666,35,1
6001,73700,1,0
6001,73799,2,0
6001,73801,3,0
6001,73645,4,0
6001,73793,5,0
6001,73622,6,0
6001,73620,7,0
6001,73618,8,0
6001,73802,9,0
6001,73600,10,0
6001,73803,11,0
6001,73617,12,0
6001,73619,13,0
6001,73590,14,0
6001,73804,15,0
6001,73785,16,0
6001,73646,17,0
6001,73805,18,0
6001,73806,19,1
7001,73700,1,0
7001,73773,2,0
7001,73774,3,0
7001,73779,4,0
7001,73778,5,0
7001,73776,6,0
7001,73777,7,0
7001,73996,8,0
7001,73765,9,0
7001,73766,10,0
7001,73767,11,0
7001,73768,12,0
7001,73769,13,0
7001,73770,14,0
7001,73771,15,0
7001,73772,16,1
7101,73700,1,0
7101,73676,2,0
7101,73675,3,0
7101,73674,4,0
7101,73665,5,0
7101,73589,6,0
7101,73800,7,0
7101,73697,8,0
7101,73698,9,0
7101,73699,10,0
7101,73701,11,1
20000,73037,1,0
20000,71014,2,0
20000,73995,3,0
20000,73033,4,0
20000,73035,5,0
20000,73031,6,0
20000,73029,7,0
20000,73025,8,0
20000,73023,9,0
20000,73027,10,0
20000,73026,11,0
20000,73019,12,0
20000,73021,13,0
20000,73017,14,0
20000,73005,15,0
20000,73001,16,0
20000,73003,17,0
20000,73007,18,0
20000,73009,19,0
20000,73011,20,0
20000,73015,21,0
20000,73101,22,0
20000,73103,23,0
20000,73201,24,0
20000,73203,25,0
20000,73205,26,0
20000,73207,27,0
20000,73209,28,0
20000,73215,29,0
20000,73211,30,0
20000,73213,31,0
20000,73301,32,0
20000,73303,33,0
20000,73305,34,0
20000,73307,35,0
20000,73309,36,0
20000,73311,37,0
20000,73313,38,0
20000,73315,39,0
20000,73317,40,0
20000,73319,41,0
20000,73321,42,0
20000,73323,43,0
20000,73515,44,0
20000,73501,45,0
20000,73503,46,0
20000,73505,47,0
20000,73507,48,0
20000,73509,49,0
20000,73511,50,0
20000,73513,51,0
20000,73601,52,0
20000,73603,53,0
20000,73605,54,0
20000,73635,55,0
20000,73607,56,0
20000,73609,57,0
20000,73611,58,0
20000,73613,59,0
20000,73615,60,0
20000,73617,61,0
20000,73619,62,0
20000,73621,63,0
20000,73623,64,0
20000,73625,65,0
20000,73627,66,0
20000,73629,67,0
20000,73631,68,0
20000,73996,69,1
20001,73996,1,0
20001,73632,2,0
20001,73630,3,0
20001,73628,4,0
20001,73626,5,0
20001,73624,6,0
20001,73622,7,0
20001,73620,8,0
20001,73618,9,0
20001,73616,10,0
20001,73614,11,0
20001,73612,12,0
20001,73610,13,0
20001,73608,14,0
20001,73636,15,0
20001,73606,16,0
20001,73604,17,0
20001,73602,18,0
20001,73514,19,0
20001,73510,20,0
20001,73506,21,0
20001,73504,22,0
20001,73502,23,0
20001,73516,24,0
20001,73324,25,0
20001,73322,26,0
20001,73320,27,0
20001,73318,28,0
20001,73316,29,0
20001,73314,30,0
20001,73312,31,0
20001,73310,32,0
20001,73308,33,0
20001,73306,34,0
20001,73304,35,0
20001,73302,36,0
20001,73214,37,0
20001,73212,38,0
20001,73216,39,0
20001,73208,40,0
20001,73206,41,0
20001,73204,42,0
20001,73202,43,0
20001,73104,44,0
20001,73102,45,0
20001,73016,46,0
20001,73014,47,0
20001,73012,48,0
20001,73010,49,0
20001,73008,50,0
20001,73006,51,0
20001,73004,52,0
20001,73002,53,0
20001,73018,54,0
20001,73022,55,0
20001,73020,56,0
20001,73024,57,0
20001,73026,58,0
20001,73028,59,0
20001,73030,60,0
20001,73032,61,0
20001,73038,62,0
20001,73040,63,0
20001,73042,64,0
20001,73034,65,0
20001,73995,66,0
20001,74182,67,0
20001,73037,68,1
20100,73995,1,0
20100,73019,2,0
20100,73017,3,0
20100,73005,4,0
20100,73001,5,0
20100,73007,6,0
20100,73101,7,0
20100,73201,8,0
20100,73207,9,0
20100,73213,10,0
20100,73301,11,0
20100,73039,12,0
20100,73430,13,0
20100,73432,14,0
20100,73434,15,1
20101,73039,1,0
20101,73430,2,0
20101,73432,3,0
20101,73434,4,0
20101,73302,5,0
20101,73214,6,0
20101,73208,7,0
20101,73202,8,0
20101,73102,9,0
20101,73008,10,0
20101,73002,11,0
20101,73018,12,0
20101,73020,13,0
20101,73995,14,0
20101,73037,15,1
30000,16000,1,0
30000,73997,2,0
30000,73019,3,0
30000,73021,4,0
30000,73017,5,0
30000,73005,6,0
30000,73001,7,0
30000,73003,8,0
30000,73007,9,0
30000,73009,10,0
30000,73011,11,0
30000,73015,12,0
30000,73101,13,0
30000,73103,14,0
30000,73201,15,0
30000,73203,16,0
30000,73205,17,0
30000,73207,18,0
30000,73209,19,0
30000,73215,20,0
30000,73211,21,0
30000,73213,22,0
30000,73301,23,0
30000,73303,24,0
30000,73305,25,0
30000,73307,26,0
30000,73309,27,0
30000,73311,28,0
30000,73313,29,0
30000,73985,30,0
30000,73315,31,0
30000,73317,32,0
30000,73319,33,0
30000,73321,34,0
30000,73323,35,0
30000,73515,36,0
30000,73501,37,0
30000,73503,38,0
30000,73505,39,0
30000,73507,40,0
30000,73509,41,0
30000,73511,42,0
30000,73513,43,0
30000,73601,44,0
30000,73603,45,0
30000,73605,46,0
30000,73635,47,0
30000,73607,48,0
30000,73609,49,0
30000,73611,50,0
30000,73613,51,0
30000,73615,52,0
30000,73617,53,0
30000,73619,54,0
30000,73621,55,0
30000,73623,56,0
30000,73625,57,0
30000,73627,58,0
30000,73629,59,0
30000,73631,60,0
30000,73996,61,1
30001,73996,1,0
30001,73632,2,0
30001,73630,3,0
30001,73628,4,0
30001,73626,5,0
30001,73624,6,0
30001,73622,7,0
30001,73620,8,0
30001,73618,9,0
30001,73616,10,0
30001,73614,11,0
30001,73612,12,0
30001,73610,13,0
30001,73608,14,0
30001,73636,15,0
30001,73606,16,0
30001,73604,17,0
30001,73602,18,0
30001,73514,19,0
30001,73510,20,0
30001,73506,21,0
30001,73504,22,0
30001,73502,23,0
30001,73516,24,0
30001,73324,25,0
30001,73322,26,0
30001,73320,27,0
30001,73318,28,0
30001,73316,29,0
30001,73985,30,0
30001,73314,31,0
30001,73312,32,0
30001,73310,33,0
30001,73308,34,0
30001,73306,35,0
30001,73304,36,0
30001,73430,37,0
30001,73432,38,0
30001,73434,39,0
30001,73302,40,0
30001,73214,41,0
30001,73212,42,0
30001,73216,43,0
30001,73208,44,0
30001,73206,45,0
30001,73204,46,0
30001,73202,47,0
30001,73104,48,0
30001,73102,49,0
30001,73016,50,0
30001,73014,51,0
30001,73012,52,0
30001,73010,53,0
30001,73008,54,0
30001,73006,55,0
30001,73004,56,0
30001,73002,57,0
30001,73018,58,0
30001,73022,59,0
30001,73020,60,0
30001,73998,61,0
30001,16000,62,1
52000,70020,1,0
52000,71320,2,0
52000,73218,3,1
52001,73218,1,0
52001,71320,2,0
52001,70020,3,1
52100,70020,1,0
52100,73326,2,0
52100,73325,3,0
52100,71320,4,0
52100,73218,5,1
52101,73218,1,0
52101,71320,2,0
52101,73325,3,0
52101,73326,4,0
52101,70020,5,1
2002000,73105,1,0
2002000,73103,2,0
2002000,73098,3,0
2002000,73200,4,0
2002000,73161,5,0
2002000,73162,6,0
2002000,73163,7,0
2002000,73121,8,0
2002000,73122,9,0
2002000,73123,10,0
2002000,73124,11,0
2002000,73125,12,0
2002000,73126,13,0
2002000,73227,14,0
2002000,73166,15,0
2002000,73167,16,0
2002000,70926,17,0
2002000,73840,18,0
2002000,73841,19,0
2002000,73842,20,0
2002000,70905,21,0
2002000,70903,22,0
2002000,70901,23,0
2002000,70899,24,0
2002000,70937,25,0
2002000,73847,26,0
2002000,73848,27,0
2002000,73850,28,0
2002000,73851,29,0
2002000,73852,30,0
2002000,73854,31,1
2002001,73265,1,0
2002001,73264,2,0
2002001,73263,3,0
2002001,73168,4,0
2002001,73169,5,0
2002001,73170,6,0
2002001,73171,7,0
2002001,73172,8,0
2002001,70898,9,0
2002001,70900,10,0
2002001,70902,11,0
2002001,70904,12,0
2002001,70909,13,0
2002001,73177,14,0
2002001,73178,15,0
2002001,73210,16,0
2002001,73237,17,0
2002001,73859,18,0
2002001,73860,19,0
2002001,73861,20,0
2002001,73271,21,0
2002001,73863,22,0
2002001,73864,23,0
2002001,73865,24,0
2002001,73275,25,0
2002001,73866,26,0
2002001,73867,27,0
2002001,73868,28,0
2002001,73199,29,0
2002001,73097,30,0
2002001,73104,31,0
2002001,73105,32,1
2000002200,73885,1,0
2000002200,73986,2,0
2000002200,73987,3,0
2000002200,73890,4,0
2000002200,73878,5,0
2000002200,73340,6,0
2000002200,73879,7,0
2000002200,73880,8,0
2000002200,73881,9,0
2000002200,73882,10,0
2000002200,73883,11,0
2000002200,73884,12,0
2000002200,73886,13,0
2000002200,73887,14,0
2000002200,73888,15,0
2000002200,73889,16,0
2000002200,73900,17,0
2000002200,73901,18,0
2000002200,73902,19,0
2000002200,73903,20,0
2000002200,73306,21,0
2000002200,73304,22,0
2000002200,73909,23,0
2000002200,73910,24,0
2000002200,73911,25,0
2000002200,73912,26,0
2000002200,73913,27,0
2000002200,73914,28,0
2000002200,73044,29,0
2000002200,73915,30,0
2000002200,73894,31,0
2000002200,73916,32,0
2000002200,73917,33,0
2000002200,73918,34,0
2000002200,73919,35,0
2000002200,73920,36,0
2000002200,73985,37,1
2000002201,73985,1,0
2000002201,73382,2,0
2000002201,73383,3,0
2000002201,73384,4,0
2000002201,73385,5,0
2000002201,73386,6,0
2000002201,73387,7,0
2000002201,73388,8,0
2000002201,73043,9,0
2000002201,73389,10,0
2000002201,73390,11,0
2000002201,73391,12,0
2000002201,73392,13,0
2000002201,73393,14,0
2000002201,73394,15,0
2000002201,73303,16,0
2000002201,73305,17,0
2000002201,73330,18,0
2000002201,73331,19,0
2000002201,73395,20,0
2000002201,73332,21,0
2000002201,73369,22,0
2000002201,73333,23,0
2000002201,73334,24,0
2000002201,73357,25,0
2000002201,73370,26,0
2000002201,73371,27,0
2000002201,73372,28,0
2000002201,73373,29,0
2000002201,73374,30,0
2000002201,73375,31,0
2000002201,73376,32,0
2000002201,73377,33,0
2000002201,73378,34,0
2000002201,73379,35,0
2000002201,73380,36,0
2000002201,73381,37,1
2000002300,73941,1,0
2000002300,73103,2,0
2000002300,73201,3,0
2000002300,73203,4,0
2000002300,73205,5,0
2000002300,73207,6,0
2000002300,73215,7,0
2000002300,73211,8,0
2000002300,73213,9,0
2000002300,73301,10,0
2000002300,73440,11,0
2000002300,73426,12,0
2000002300,73428,13,0
2000002300,73430,14,0
2000002300,73486,15,0
2000002300,73472,16,0
2000002300,73473,17,0
2000002300,73474,18,0
2000002300,73475,19,0
2000002300,73476,20,0
2000002300,73477,21,0
2000002300,73478,22,0
2000002300,73479,23,0
2000002300,73480,24,0
2000002300,73446,25,0
2000002300,73481,26,0
2000002300,73448,27,0
2000002300,73449,28,0
2000002300,73482,29,0
2000002300,73483,30,0
2000002300,73484,31,0
2000002300,73485,32,1
2000002301,73969,1,0
2000002301,73988,2,0
2000002301,73921,3,0
2000002301,73922,4,0
2000002301,73923,5,0
2000002301,73924,6,0
2000002301,73925,7,0
2000002301,73926,8,0
2000002301,73927,9,0
2000002301,73928,10,0
2000002301,73929,11,0
2000002301,73930,12,0
2000002301,73931,13,0
2000002301,73932,14,0
2000002301,73933,15,0
2000002301,73934,16,0
2000002301,73935,17,0
2000002301,73936,18,0
2000002301,73937,19,0
2000002301,73967,20,0
2000002301,73427,21,0
2000002301,73939,22,0
2000002301,73434,23,0
2000002301,73302,24,0
2000002301,73214,25,0
2000002301,73212,26,0
2000002301,73216,27,0
2000002301,73208,28,0
2000002301,73206,29,0
2000002301,73204,30,0
2000002301,73202,31,0
2000002301,73104,32,0
2000002301,73941,33,1
2000002400,73966,1,0
2000002400,73053,2,0
2000002400,73054,3,0
2000002400,73055,4,0
2000002400,73056,5,0
2000002400,73057,6,0
2000002400,73058,7,0
2000002400,73059,8,0
2000002400,73060,9,0
2000002400,73061,10,0
2000002400,73062,11,0
2000002400,73063,12,0
2000002400,73064,13,0
2000002400,73065,14,0
2000002400,73066,15,0
2000002400,73067,16,0
2000002400,73068,17,0
2000002400,73069,18,0
2000002400,73070,19,0
2000002400,73071,20,0
2000002400,73072,21,0
2000002400,73073,22,0
2000002400,73074,23,0
2000002400,73075,24,0
2000002400,73076,25,0
2000002400,73077,26,0
2000002400,73078,27,0
2000002400,73079,28,1
2000002401,73942,1,0
2000002401,73943,2,0
2000002401,73944,3,0
2000002401,73945,4,0
2000002401,73946,5,0
2000002401,73947,6,0
2000002401,73948,7,0
2000002401,73949,8,0
2000002401,73950,9,0
2000002401,73951,10,0
2000002401,73952,11,0
2000002401,73953,12,0
2000002401,73954,13,0
2000002401,73955,14,0
2000002401,73956,15,0
2000002401,73957,16,0
2000002401,73958,17,0
2000002401,73959,18,0
2000002401,73960,19,0
2000002401,73961,20,0
2000002401,73962,21,0
2000002401,73963,22,0
2000002401,73964,23,0
2000002401,73990,24,0
2000002401,73965,25,0
2000002401,73980,26,0
2000002401,73981,27,0
2000002401,73966,28,1
2000002600,73966,1,0
2000002600,73822,2,0
2000002600,73080,3,0
2000002600,73081,4,0
2000002600,73082,5,0
2000002600,73083,6,0
2000002600,73084,7,0
2000002600,73085,8,0
2000002600,73086,9,0
2000002600,73087,10,0
2000002600,73088,11,0
2000002600,73089,12,0
2000002600,73090,13,0
2000002600,73091,14,0
2000002600,73092,15,0
2000002600,73093,16,0
2000002600,73094,17,0
2000002600,73095,18,0
2000002600,73096,19,1
2000002601,73989,1,0
2000002601,73839,2,0
2000002601,73838,3,0
2000002601,73837,4,0
2000002601,73836,5,0
2000002601,73835,6,0
2000002601,73834,7,0
2000002601,73833,8,0
2000002601,73832,9,0
2000002601,73831,10,0
2000002601,73830,11,0
2000002601,73829,12,0
2000002601,73828,13,0
2000002601,73827,14,0
2000002601,73826,15,0
2000002601,73825,16,0
2000002601,73824,17,0
2000002601,73823,18,0
2000002601,73966,19,1
2000003000,71321,1,0
2000003000,73104,2,0
2000003000,73220,3,0
2000003000,71021,4,0
2000003000,71022,5,0
2000003000,71023,6,0
2000003000,73992,7,0
2000003000,71004,8,0
2000003000,71005,9,0
2000003000,71006,10,1
2000003001,71321,1,0
2000003001,71021,2,0
2000003001,71022,3,0
2000003001,71023,4,0
2000003001,73992,5,0
2000003001,71004,6,0
2000003001,71005,7,0
2000003001,71006,8,0
2000003001,73221,9,0
2000003001,73104,10,1
2000006100,73700,1,0
2000006100,73800,2,1
2000006201,73700,1,0
2000006201,73642,2,0
2000006201,73591,3,0
2000006201,73640,4,0
2000006201,73592,5,0
2000006201,73638,6,0
2000006201,73593,7,0
2000006201,73594,8,0
2000006201,73595,9,0
2000006201,73596,10,0
2000006201,73597,11,0
2000006201,73598,12,0
2000006201,73599,13,1
2000008000,73121,1,0
2000008000,73122,2,0
2000008000,73123,3,0
2000008000,73124,4,0
2000008000,73125,5,0
2000008000,73126,6,0
2000008000,73127,7,0
2000008000,73213,8,0
2000008000,73128,9,0
2000008000,73129,10,0
2000008000,73130,11,0
2000008000,73258,12,0
2000008000,73131,13,0
2000008000,73132,14,0
2000008000,73133,15,0
2000008000,73134,16,0
2000008000,73265,17,0
2000008000,73264,18,0
2000008000,73263,19,0
2000008000,73288,20,0
2000008000,73139,21,0
2000008000,73140,22,0
2000008000,73141,23,0
2000008000,73142,24,0
2000008000,73143,25,1
2000008001,73143,1,0
2000008001,73141,2,0
2000008001,73142,3,0
2000008001,73140,4,0
2000008001,73139,5,0
2000008001,73278,6,0
2000008001,73236,7,0
2000008001,73852,8,0
2000008001,73854,9,0
2000008001,73855,10,0
2000008001,73856,11,0
2000008001,73857,12,0
2000008001,73858,13,0
2000008001,73238,14,0
2000008001,73256,15,0
2000008001,73242,16,0
2000008001,73219,17,0
2000008001,73241,18,0
2000008001,73225,19,0
2000008001,73226,20,0
2000008001,73271,21,0
2000008001,73863,22,0
2000008001,73864,23,0
2000008001,73865,24,0
2000008001,73275,25,1
