2500,'Semaine-01',511,,1027,30,,,0,90,,1028,30,,,0,25,,1029,30,,,0,30,,1030,30,,,0,70,,1031,30,,,0
2501,'Semaine-01',1710,,1032,100,,,0,40,,1033,100,,,0,60,,1034,100,,,0,30,,1035,100,,,0,80,,1036,100,,,0
20000,'Fête-1-01',716,,117,630,4,,0,102,,118,630,4,,0,110,,101,670,4,,0,102,,102,670,4,,0,100,,103,670,4,,0,21,,119,630,4,,0,80,,104,670,4,,0,20,,120,630,4,,0,80,,105,670,4,,0,20,,121,630,4,,0,80,,106,670,4,,0,20,,122,630,4,,0,80,,107,670,4,,0,20,,123,630,4,,0,80,,108,670,4,,0,20,,124,630,4,,0,80,,109,670,4,,0,70,,110,670,4,,0,28,,111,670,4,,0,30,,112,670,4,,0,100,,113,670,4,,0,98,,114,670,4,,0,100,,115,670,4,,0,98,,116,670,4,,0,91,,125,630,4,,0,99,,126,630,4,,0,100,,127,630,4,,0,90,,128,630,4,,0
20000,'Semaine-01',656,,1075,630,4,,0,72,,1087,630,4,,0,16,,1092,630,4,,0,15,,1093,630,4,,0,65,,1050,670,4,,0,7,,1094,630,4,,0,15,,1095,630,4,,0,55,,1096,630,4,,0,20,,1047,630,4,,0,28,,1060,670,4,,0,67,,1065,670,4,,0,22,,1076,630,4,,0,80,,1066,670,4,,0,20,,1077,630,4,,0,80,,1067,670,4,,0,20,,1078,630,4,,0,80,,1068,670,4,,0,22,,1072,650,4,,0,78,,1069,670,4,,0,20,,1080,630,4,,0,83,,1070,670,4,,0,21,,1081,630,4,,0,82,,1082,630,4,,0,2,,1071,670,4,,0,74,,1048,690,4,,0,2,,1083,630,4,,0,26,,1051,670,4,,0,6,,1079,630,4,,0,15,,1073,650,4,,0,9,,1052,670,4,,0,45,,1084,630,4,,0,21,,1053,670,4,,0,5,,1085,630,4,,0,28,,1086,630,4,,0,43,,1049,690,4,,0,21,,1054,670,4,,0,1,,1088,630,4,,0,27,,1055,670,4,,0,6,,1074,650,4,,0,64,,1056,670,4,,0,30,,1057,670,4,,0,70,,1058,670,4,,0,24,,1059,670,4,,0,70,,1061,670,4,,0,27,,1062,670,4,,0,68,,1063,670,4,,0,28,,1064,670,4,,0,94,,1089,630,4,,0,100,,1090,630,4,,0,80,,1091,630,4,,0
20000,'Week-end-01',716,,257,630,4,,0,102,,258,630,4,,0,110,,241,670,4,,0,102,,242,670,4,,0,100,,243,670,4,,0,21,,259,630,4,,0,80,,244,670,4,,0,20,,260,630,4,,0,80,,245,670,4,,0,20,,261,630,4,,0,80,,246,670,4,,0,20,,262,630,4,,0,80,,247,670,4,,0,20,,263,630,4,,0,80,,248,670,4,,0,20,,264,630,4,,0,80,,249,670,4,,0,70,,250,670,4,,0,28,,251,670,4,,0,30,,252,670,4,,0,100,,253,670,4,,0,98,,254,670,4,,0,100,,255,670,4,,0,98,,256,670,4,,0,91,,265,630,4,,0,99,,266,630,4,,0,100,,267,630,4,,0,90,,268,630,4,,0
20001,'Fête-1-01',545,,285,10,,,0,100,,269,10,0,9 7 8,0,100,,270,10,0,9 7 8,0,100,,271,10,0,9 7 8,0,70,,286,10,,,0,30,,272,10,0,9 7 8,0,70,,287,10,,,0,30,,273,10,0,9 7 8,0,70,,288,10,,,0,30,,274,10,0,9 7 8,0,70,,289,10,,,0,30,,275,10,0,9 7 8,0,70,,290,10,,,0,30,,276,10,0,9 7 8,0,70,,291,10,,,0,30,,277,10,0,9 7 8,0,70,,292,10,,,0,30,,278,10,0,9 7 8,0,70,,279,10,0,9 7 8,0,100,,280,10,0,9 7 8,0,100,,281,10,0,9 7 8,0,100,,282,10,0,9 7 8,0,100,,283,10,0,9 7 8,0,100,,284,10,0,9 7 8,0,100,,293,10,,,0,100,,294,10,,,0,100,,295,10,,,0
20001,'Semaine-01',500,,1128,10,,,0,15,,1131,10,,,0,15,,1135,10,,,0,15,,1136,10,,,0,55,,1124,10,,,0,15,,1139,10,,,0,15,,1098,10,0,9 7 8,0,15,,1123,10,,,0,55,,1099,10,0,9 7 8,0,15,,1122,10,,,0,15,,1100,10,0,9 7 8,0,15,,1121,10,,,0,55,,1097,10,0,9 7 8,0,15,,1125,10,,,0,15,,1101,10,0,9 7 8,0,70,,1137,10,,,0,30,,1112,10,0,9 7 8,0,70,,1138,10,,,0,30,,1114,10,0,9 7 8,0,70,,1126,10,,,0,30,,1115,10,0,9 7 8,0,70,,1116,10,0,9 7 8,0,30,,1117,10,0,9 7 8,0,70,,1127,10,,,0,30,,1118,10,0,9 7 8,0,70,,1129,10,,,0,30,,1119,10,0,9 7 8,0,70,,1130,10,,,0,30,,1120,10,0,9 7 8,0,70,,1102,10,0,9 7 8,0,30,,1103,10,0,9 7 8,0,70,,1104,10,0,9 7 8,0,30,,1105,10,0,9 7 8,0,70,,1106,10,0,9 7 8,0,30,,1107,10,0,9 7 8,0,70,,1108,10,0,9 7 8,0,30,,1109,10,0,9 7 8,0,70,,1110,10,0,9 7 8,0,30,,1111,10,0,9 7 8,0,70,,1113,10,0,9 7 8,0,100,,1132,10,,,0,100,,1133,10,,,0,50,,1134,10,,,0
20001,'Week-end-01',545,,411,10,,,0,100,,395,10,0,9 7 8,0,100,,396,10,0,9 7 8,0,100,,397,10,0,9 7 8,0,70,,412,10,,,0,30,,398,10,0,9 7 8,0,70,,413,10,,,0,30,,399,10,0,9 7 8,0,70,,414,10,,,0,30,,400,10,0,9 7 8,0,70,,415,10,,,0,30,,401,10,0,9 7 8,0,70,,416,10,,,0,30,,402,10,0,9 7 8,0,70,,417,10,,,0,30,,403,10,0,9 7 8,0,70,,418,10,,,0,30,,404,10,0,9 7 8,0,70,,405,10,0,9 7 8,0,100,,406,10,0,9 7 8,0,100,,407,10,0,9 7 8,0,100,,408,10,0,9 7 8,0,100,,409,10,0,9 7 8,0,100,,410,10,0,9 7 8,0,100,,419,10,,,0,100,,420,10,,,0,100,,421,10,,,0
30000,'Semaine-01',1405,,1154,600,4,,0,100,,1155,600,4,,0,45,,1156,600,4,,0,257,,1159,600,4,,0
30001,'Semaine-01',805,,1165,10,,,0,140,,1166,10,,,0,100,,1167,10,,,0,100,,1168,10,,,0
