21,2100,'Semaine-01',997,998,999,1000,1001
21,2101,'Semaine-01',1002,1003,1004,1005,1006
23,2300,'Semaine-01',1007,1008,1009,1010,1011
23,2301,'Semaine-01',1012,1013,1014,1015,1016
24,2400,'Semaine-01',1017,1018,1019,1020,1021
24,2401,'Semaine-01',1022,1023,1024,1025,1026
25,2500,'Semaine-01',1027,1028,1029,1030,1031
25,2501,'Semaine-01',1032,1033,1034,1035,1036
26,2600,'Semaine-01',1037,1038,1039,1040,1041
26,2601,'Semaine-01',1042,1043,1044,1045,1046
200,20000,'Fête-1-01',101,102,103,104,105,106,107,108,109,110,111,112,113,114,115,116,117,118,119,120,121,122,123,124,125,126,127,128
200,20000,'Semaine-01',1047,1048,1049,1050,1051,1052,1053,1054,1055,1056,1057,1058,1059,1060,1061,1062,1063,1064,1065,1066,1067,1068,1069,1070,1071,1072,1073,1074,1075,1076,1077,1078,1079,1080,1081,1082,1083,1084,1085,1086,1087,1088,1089,1090,1091,1092,1093,1094,1095,1096
200,20000,'Week-end-01',241,242,243,244,245,246,247,248,249,250,251,252,253,254,255,256,257,258,259,260,261,262,263,264,265,266,267,268
200,20001,'Fête-1-01',269,270,271,272,273,274,275,276,277,278,279,280,281,282,283,284,285,286,287,288,289,290,291,292,293,294,295
200,20001,'Semaine-01',1097,1098,1099,1100,1101,1102,1103,1104,1105,1106,1107,1108,1109,1110,1111,1112,1113,1114,1115,1116,1117,1118,1119,1120,1121,1122,1123,1124,1125,1126,1127,1128,1129,1130,1131,1132,1133,1134,1135,1136,1137,1138,1139,1140
200,20001,'Week-end-01',395,396,397,398,399,400,401,402,403,404,405,406,407,408,409,410,411,412,413,414,415,416,417,418,419,420,421
201,20100,'Semaine-01',1141,1142,1143,1144
201,20101,'Semaine-01',1145,1146,1147,1148,1149
300,30000,'Semaine-01',1150,1151,1152,1153,1154,1155,1156,1157,1158,1159,1160,1161,1162
300,30001,'Semaine-01',1163,1164,1165,1166,1167,1168,1169,1170,1171,1172
520,52000,'Semaine-01',1173,1174,1175,1176,1177,1178,1179,1180,1181,1182,1183,1184,1185,1186,1187,1188,1189,1190,1191,1192,1193,1194,1195,1196,1197,1198,1199,1200,1201
520,52001,'Semaine-01',1202,1203,1204,1205,1206,1207,1208,1209,1210,1211,1212,1213,1214,1215,1216,1217,1218,1219,1220,1221,1222,1223,1224,1225,1226,1227,1228,1229,1230,1231
20020,2002000,'Semaine-01',1232,1233,1234,1235,1236
20020,2002001,'Semaine-01',1237,1238,1239,1240,1241
20000023,2000002300,'Semaine-01',1242
20000023,2000002301,'Semaine-01',1243
20000024,2000002400,'Semaine-01',1244
20000024,2000002401,'Semaine-01',1245
20000026,2000002600,'Semaine-01',1246
20000026,2000002601,'Semaine-01',1247
20000030,2000003000,'Semaine-01',1248,1249,1250,1251,1252,1253,1254,1255,1256,1257,1258,1259,1260
20000030,2000003001,'Semaine-01',1261,1262,1263,1264,1265,1266,1267,1268,1269,1270,1271,1272,1273
