2301,'Fête-2-01',539,,31,290,,,0,88,,32,290,,,0,25,,33,290,,,0,70,,34,290,,,0,35,,35,290,,,0
2301,'Semaine-01',539,,36,290,,,0,88,,37,290,,,0,25,,38,290,,,0,70,,39,290,,,0,35,,40,290,,,0
20001,'Fête-1-01',618,,285,410,,,0,101,,269,410,0,9 7 8,0,101,,270,410,0,9 7 8,0,102,,271,410,0,9 7 8,0,29,,286,410,,,0,71,,272,410,0,9 7 8,0,29,,287,410,,,0,71,,273,410,0,9 7 8,0,29,,288,410,,,0,71,,274,410,0,9 7 8,0,29,,289,410,,,0,71,,275,410,0,9 7 8,0,29,,290,410,,,0,71,,276,410,0,9 7 8,0,29,,291,410,,,0,71,,277,410,0,9 7 8,0,29,,292,410,,,0,71,,278,410,0,9 7 8,0,30,,279,410,0,9 7 8,0,100,,280,410,0,9 7 8,0,98,,281,410,0,9 7 8,0,99,,282,410,0,9 7 8,0,100,,283,410,0,9 7 8,0,99,,284,410,0,9 7 8,0,100,,293,410,,,0,100,,294,410,,,0,100,,295,410,,,0
20001,'Fête-2-01',521,,339,120,,,0,13,,327,410,,,0,15,,330,410,,,0,55,,334,410,,,0,15,,335,410,,,0,16,,323,410,,,0,17,,338,410,,,0,54,,297,410,0,9 7 8,0,16,,322,410,,,0,14,,298,410,0,9 7 8,0,16,,321,410,,,0,56,,299,410,0,9 7 8,0,15,,320,410,,,0,15,,296,410,0,9 7 8,0,14,,324,410,,,0,55,,300,410,0,9 7 8,0,30,,336,410,,,0,69,,311,410,0,9 7 8,0,31,,337,410,,,0,69,,313,410,0,9 7 8,0,30,,325,410,,,0,72,,314,410,0,9 7 8,0,30,,315,410,0,9 7 8,0,69,,316,410,0,9 7 8,0,29,,326,410,,,0,71,,317,410,0,9 7 8,0,30,,328,410,,,0,71,,318,410,0,9 7 8,0,31,,329,410,,,0,70,,319,410,0,9 7 8,0,33,,301,410,0,9 7 8,0,69,,302,410,0,9 7 8,0,27,,303,410,0,9 7 8,0,69,,304,410,0,9 7 8,0,29,,305,410,0,9 7 8,0,68,,306,410,0,9 7 8,0,30,,307,410,0,9 7 8,0,68,,308,410,0,9 7 8,0,30,,309,410,0,9 7 8,0,70,,310,410,0,9 7 8,0,30,,312,410,0,9 7 8,0,100,,331,410,,,0,99,,332,410,,,0,90,,333,410,,,0
20001,'Semaine-01',521,,393,120,,,0,13,,373,410,,,0,15,,379,410,,,0,55,,388,410,,,0,15,,389,410,,,0,16,,369,410,,,0,17,,392,410,,,0,54,,343,410,0,9 7 8,0,16,,368,410,,,0,14,,344,410,0,9 7 8,0,16,,367,410,,,0,56,,345,410,0,9 7 8,0,8,,340,410,,,0,7,,366,410,,,0,15,,342,410,0,9 7 8,0,14,,370,410,,,0,55,,346,410,0,9 7 8,0,30,,390,410,,,0,69,,357,410,0,9 7 8,0,31,,391,410,,,0,69,,359,410,0,9 7 8,0,30,,371,410,,,0,16,,375,410,,,0,56,,360,410,0,9 7 8,0,30,,361,410,0,9 7 8,0,14,,374,410,,,0,55,,362,410,0,9 7 8,0,29,,372,410,,,0,71,,363,410,0,9 7 8,0,30,,376,410,,,0,71,,364,410,0,9 7 8,0,16,,341,410,,,0,15,,377,410,,,0,15,,378,410,,,0,55,,365,410,0,9 7 8,0,17,,394,410,,,0,16,,347,410,0,9 7 8,0,16,,380,410,,,0,53,,348,410,0,9 7 8,0,13,,381,410,,,0,14,,349,410,0,9 7 8,0,16,,382,410,,,0,53,,350,410,0,9 7 8,0,15,,383,410,,,0,14,,351,410,0,9 7 8,0,13,,384,410,,,0,55,,352,410,0,9 7 8,0,30,,353,410,0,9 7 8,0,68,,354,410,0,9 7 8,0,30,,355,410,0,9 7 8,0,70,,356,410,0,9 7 8,0,30,,358,410,0,9 7 8,0,100,,385,410,,,0,99,,386,410,,,0,90,,387,410,,,0
20001,'Week-end-01',618,,411,410,,,0,101,,395,410,0,9 7 8,0,101,,396,410,0,9 7 8,0,102,,397,410,0,9 7 8,0,29,,412,410,,,0,71,,398,410,0,9 7 8,0,29,,413,410,,,0,71,,399,410,0,9 7 8,0,29,,414,410,,,0,71,,400,410,0,9 7 8,0,29,,415,410,,,0,71,,401,410,0,9 7 8,0,29,,416,410,,,0,71,,402,410,0,9 7 8,0,29,,417,410,,,0,71,,403,410,0,9 7 8,0,29,,418,410,,,0,71,,404,410,0,9 7 8,0,30,,405,410,0,9 7 8,0,100,,406,410,0,9 7 8,0,98,,407,410,0,9 7 8,0,99,,408,410,0,9 7 8,0,100,,409,410,0,9 7 8,0,99,,410,410,0,9 7 8,0,100,,419,410,,,0,100,,420,410,,,0,100,,421,410,,,0
30001,'Fête-2-01',610,,467,130,,,0,90,,474,130,,,0,50,,472,130,,,0,93,,468,420,,,0,82,,473,130,,,0,98,,469,420,,,0,100,,470,420,,,0,102,,471,420,,,0,230,,475,130,,,0,200,,466,130,,,0
30001,'Semaine-01',610,,477,130,,,0,90,,484,130,,,0,50,,482,130,,,0,93,,478,420,,,0,82,,483,130,,,0,98,,479,420,,,0,100,,480,420,,,0,102,,481,420,,,0,230,,485,130,,,0,200,,476,130,,,0
2000002301,'Fête-2-01',1339,,626,290,,,0
2000002301,'Semaine-01',1339,,627,290,,,0
