2300,'Fête-2-01',1637,,21,80,,,0,80,,22,80,,,0,20,,23,80,,,0,70,,24,80,,,0,40,,25,80,,,0
2300,'Semaine-01',1637,,26,80,,,0,80,,27,80,,,0,20,,28,80,,,0,70,,29,80,,,0,40,,30,80,,,0
20000,'Fête-1-01',644,,117,240,,,0,100,,118,240,,,0,109,,101,280,0,6 7 8,0,100,,102,280,0,6 7 8,0,100,,103,280,0,6 7 8,0,62,,119,240,,,0,39,,104,280,0,6 7 8,0,61,,120,240,,,0,39,,105,280,0,6 7 8,0,61,,121,240,,,0,39,,106,280,0,6 7 8,0,61,,122,240,,,0,39,,107,280,0,6 7 8,0,61,,123,240,,,0,39,,108,280,0,6 7 8,0,61,,124,240,,,0,39,,109,280,0,6 7 8,0,70,,110,280,0,6 7 8,0,29,,111,280,0,6 7 8,0,70,,112,280,0,6 7 8,0,100,,113,280,0,6 7 8,0,99,,114,280,0,6 7 8,0,100,,115,280,0,6 7 8,0,100,,116,280,0,6 7 8,0,92,,125,240,,,0,99,,126,240,,,0,100,,127,240,,,0,90,,128,240,,,0
20000,'Fête-2-01',621,,156,240,,,0,32,,171,240,,,0,71,,176,240,,,0,21,,131,280,0,6 7 8,0,10,,177,240,,,0,70,,178,240,,,0,10,,157,240,,,0,15,,158,240,,,0,62,,141,280,0,6 7 8,0,6,,159,240,,,0,23,,146,280,0,6 7 8,0,62,,160,240,,,0,39,,147,280,0,6 7 8,0,61,,161,240,,,0,39,,148,280,0,6 7 8,0,61,,162,240,,,0,39,,149,280,0,6 7 8,0,64,,153,260,,,0,35,,150,280,0,6 7 8,0,7,,163,240,,,0,55,,164,240,,,0,39,,151,280,0,6 7 8,0,62,,165,240,,,0,40,,152,280,0,6 7 8,0,5,,166,240,,,0,70,,129,300,0,6 7 8,0,2,,167,240,,,0,26,,132,280,0,6 7 8,0,56,,154,260,,,0,16,,133,280,0,6 7 8,0,5,,168,240,,,0,23,,134,280,0,6 7 8,0,5,,169,240,,,0,68,,170,240,,,0,1,,130,300,0,6 7 8,0,23,,135,280,0,6 7 8,0,4,,172,240,,,0,64,,136,280,0,6 7 8,0,9,,155,260,,,0,21,,137,280,0,6 7 8,0,70,,138,280,0,6 7 8,0,30,,139,280,0,6 7 8,0,66,,140,280,0,6 7 8,0,30,,142,280,0,6 7 8,0,68,,143,280,0,6 7 8,0,30,,144,280,0,6 7 8,0,69,,145,280,0,6 7 8,0,52,,173,240,,,0,100,,174,240,,,0,80,,175,240,,,0
20000,'Semaine-01',621,,211,240,,,0,17,,221,240,,,0,15,,229,240,,,0,3,,240,200,0,6 7 8,0,2,,182,240,,,0,51,,234,240,,,0,6,,235,240,,,0,9,,236,240,,,0,21,,185,280,0,6 7 8,0,10,,237,240,,,0,55,,238,240,,,0,15,,239,240,,,0,10,,212,240,,,0,10,,179,240,,,0,10,,213,240,,,0,57,,195,280,0,6 7 8,0,6,,214,240,,,0,23,,201,280,0,6 7 8,0,62,,215,240,,,0,24,,180,280,0,6 7 8,0,15,,202,280,0,6 7 8,0,61,,216,240,,,0,39,,203,280,0,6 7 8,0,61,,217,240,,,0,39,,204,280,0,6 7 8,0,6,,218,240,,,0,58,,208,260,,,0,35,,205,280,0,6 7 8,0,7,,220,240,,,0,55,,222,240,,,0,39,,206,280,0,6 7 8,0,62,,223,240,,,0,15,,181,240,,,0,25,,207,280,0,6 7 8,0,5,,224,240,,,0,70,,183,300,0,6 7 8,0,2,,225,240,,,0,26,,186,280,0,6 7 8,0,6,,219,240,,,0,57,,209,260,,,0,9,,187,280,0,6 7 8,0,5,,226,240,,,0,23,,188,280,0,6 7 8,0,5,,227,240,,,0,68,,228,240,,,0,1,,184,300,0,6 7 8,0,23,,189,280,0,6 7 8,0,4,,230,240,,,0,64,,190,280,0,6 7 8,0,9,,210,260,,,0,21,,191,280,0,6 7 8,0,70,,192,280,0,6 7 8,0,30,,193,280,0,6 7 8,0,66,,194,280,0,6 7 8,0,30,,196,280,0,6 7 8,0,13,,197,280,0,6 7 8,0,55,,198,280,0,6 7 8,0,30,,199,280,0,6 7 8,0,69,,200,280,0,6 7 8,0,52,,231,240,,,0,100,,232,240,,,0,80,,233,240,,,0
20000,'Week-end-01',644,,257,240,,,0,100,,258,240,,,0,109,,241,280,0,6 7 8,0,100,,242,280,0,6 7 8,0,100,,243,280,0,6 7 8,0,62,,259,240,,,0,39,,244,280,0,6 7 8,0,61,,260,240,,,0,39,,245,280,0,6 7 8,0,61,,261,240,,,0,39,,246,280,0,6 7 8,0,61,,262,240,,,0,39,,247,280,0,6 7 8,0,61,,263,240,,,0,39,,248,280,0,6 7 8,0,61,,264,240,,,0,39,,249,280,0,6 7 8,0,70,,250,280,0,6 7 8,0,29,,251,280,0,6 7 8,0,70,,252,280,0,6 7 8,0,100,,253,280,0,6 7 8,0,99,,254,280,0,6 7 8,0,100,,255,280,0,6 7 8,0,100,,256,280,0,6 7 8,0,92,,265,240,,,0,99,,266,240,,,0,100,,267,240,,,0,90,,268,240,,,0
30000,'Fête-2-01',1228,,440,200,0,5,0,100,,444,200,,,0,100,,445,200,,,0,85,,446,200,,,0,87,,448,200,0,5,0,100,,452,200,0,5,0,30,,449,200,,,0,26,,442,200,0,5,0,72,,443,200,0,5,0,85,,450,200,,,0,45,,447,200,0,5,0,170,,451,200,0,5,0,125,,441,200,0,5,0
30000,'Semaine-01',1228,,453,200,0,5,0,100,,457,200,,,0,100,,458,200,,,0,85,,459,200,,,0,87,,461,200,0,5,0,100,,465,200,0,5,0,30,,462,200,,,0,26,,455,200,0,5,0,72,,456,200,0,5,0,85,,463,200,0,5,0,45,,460,200,0,5,0,170,,464,200,0,5,0,125,,454,200,0,5,0
2000002300,'Fête-2-01',1315,,624,80,,,0
2000002300,'Semaine-01',1315,,625,80,,,0
