2300,'Fête-2-01',1636,,21,70,,,0,80,,22,70,,,0,20,,23,70,,,0,70,,24,70,,,0,40,,25,70,,,0
2300,'Semaine-01',1636,,26,70,,,0,80,,27,70,,,0,20,,28,70,,,0,70,,29,70,,,0,40,,30,70,,,0
20000,'Fête-1-01',643,,117,230,,,0,100,,118,230,,,0,109,,101,270,0,6 7 8,0,100,,102,270,0,6 7 8,0,100,,103,270,0,6 7 8,0,62,,119,230,,,0,39,,104,270,0,6 7 8,0,61,,120,230,,,0,39,,105,270,0,6 7 8,0,61,,121,230,,,0,39,,106,270,0,6 7 8,0,61,,122,230,,,0,39,,107,270,0,6 7 8,0,61,,123,230,,,0,39,,108,270,0,6 7 8,0,61,,124,230,,,0,39,,109,270,0,6 7 8,0,70,,110,270,0,6 7 8,0,29,,111,270,0,6 7 8,0,70,,112,270,0,6 7 8,0,100,,113,270,0,6 7 8,0,99,,114,270,0,6 7 8,0,100,,115,270,0,6 7 8,0,100,,116,270,0,6 7 8,0,92,,125,230,,,0,99,,126,230,,,0,100,,127,230,,,0,90,,128,230,,,0
20000,'Fête-2-01',620,,156,230,,,0,32,,171,230,,,0,71,,176,230,,,0,21,,131,270,0,6 7 8,0,10,,177,230,,,0,70,,178,230,,,0,10,,157,230,,,0,15,,158,230,,,0,62,,141,270,0,6 7 8,0,7,,159,230,,,0,22,,146,270,0,6 7 8,0,63,,160,230,,,0,38,,147,270,0,6 7 8,0,61,,161,230,,,0,39,,148,270,0,6 7 8,0,61,,162,230,,,0,39,,149,270,0,6 7 8,0,65,,153,250,,,0,34,,150,270,0,6 7 8,0,7,,163,230,,,0,55,,164,230,,,0,40,,151,270,0,6 7 8,0,62,,165,230,,,0,40,,152,270,0,6 7 8,0,4,,166,230,,,0,70,,129,290,0,6 7 8,0,3,,167,230,,,0,26,,132,270,0,6 7 8,0,55,,154,250,,,0,16,,133,270,0,6 7 8,0,6,,168,230,,,0,22,,134,270,0,6 7 8,0,5,,169,230,,,0,68,,170,230,,,0,2,,130,290,0,6 7 8,0,23,,135,270,0,6 7 8,0,3,,172,230,,,0,65,,136,270,0,6 7 8,0,8,,155,250,,,0,22,,137,270,0,6 7 8,0,70,,138,270,0,6 7 8,0,30,,139,270,0,6 7 8,0,66,,140,270,0,6 7 8,0,30,,142,270,0,6 7 8,0,67,,143,270,0,6 7 8,0,30,,144,270,0,6 7 8,0,69,,145,270,0,6 7 8,0,53,,173,230,,,0,100,,174,230,,,0,80,,175,230,,,0
20000,'Semaine-01',620,,211,230,,,0,17,,221,230,,,0,15,,229,230,,,0,4,,240,190,0,6 7 8,0,1,,182,230,,,0,51,,234,230,,,0,6,,235,230,,,0,9,,236,230,,,0,21,,185,270,0,6 7 8,0,10,,237,230,,,0,55,,238,230,,,0,15,,239,230,,,0,10,,212,230,,,0,10,,179,230,,,0,10,,213,230,,,0,57,,195,270,0,6 7 8,0,7,,214,230,,,0,22,,201,270,0,6 7 8,0,63,,215,230,,,0,23,,180,270,0,6 7 8,0,15,,202,270,0,6 7 8,0,61,,216,230,,,0,39,,203,270,0,6 7 8,0,61,,217,230,,,0,39,,204,270,0,6 7 8,0,6,,218,230,,,0,59,,208,250,,,0,34,,205,270,0,6 7 8,0,7,,220,230,,,0,55,,222,230,,,0,40,,206,270,0,6 7 8,0,62,,223,230,,,0,15,,181,230,,,0,25,,207,270,0,6 7 8,0,4,,224,230,,,0,70,,183,290,0,6 7 8,0,3,,225,230,,,0,26,,186,270,0,6 7 8,0,6,,219,230,,,0,56,,209,250,,,0,9,,187,270,0,6 7 8,0,6,,226,230,,,0,22,,188,270,0,6 7 8,0,5,,227,230,,,0,68,,228,230,,,0,2,,184,290,0,6 7 8,0,23,,189,270,0,6 7 8,0,3,,230,230,,,0,65,,190,270,0,6 7 8,0,8,,210,250,,,0,22,,191,270,0,6 7 8,0,70,,192,270,0,6 7 8,0,30,,193,270,0,6 7 8,0,66,,194,270,0,6 7 8,0,30,,196,270,0,6 7 8,0,12,,197,270,0,6 7 8,0,55,,198,270,0,6 7 8,0,30,,199,270,0,6 7 8,0,69,,200,270,0,6 7 8,0,53,,231,230,,,0,100,,232,230,,,0,80,,233,230,,,0
20000,'Week-end-01',643,,257,230,,,0,100,,258,230,,,0,109,,241,270,0,6 7 8,0,100,,242,270,0,6 7 8,0,100,,243,270,0,6 7 8,0,62,,259,230,,,0,39,,244,270,0,6 7 8,0,61,,260,230,,,0,39,,245,270,0,6 7 8,0,61,,261,230,,,0,39,,246,270,0,6 7 8,0,61,,262,230,,,0,39,,247,270,0,6 7 8,0,61,,263,230,,,0,39,,248,270,0,6 7 8,0,61,,264,230,,,0,39,,249,270,0,6 7 8,0,70,,250,270,0,6 7 8,0,29,,251,270,0,6 7 8,0,70,,252,270,0,6 7 8,0,100,,253,270,0,6 7 8,0,99,,254,270,0,6 7 8,0,100,,255,270,0,6 7 8,0,100,,256,270,0,6 7 8,0,92,,265,230,,,0,99,,266,230,,,0,100,,267,230,,,0,90,,268,230,,,0
30000,'Fête-2-01',1227,,440,190,0,5,0,100,,444,190,,,0,100,,445,190,,,0,85,,446,190,,,0,47,,448,190,0,5,0,100,,452,190,0,5,0,70,,449,190,,,0,26,,442,190,0,5,0,72,,443,190,0,5,0,85,,450,190,,,0,45,,447,190,0,5,0,170,,451,190,0,5,0,125,,441,190,0,5,0
30000,'Semaine-01',1227,,453,190,0,5,0,100,,457,190,,,0,100,,458,190,,,0,85,,459,190,,,0,47,,461,190,0,5,0,100,,465,190,0,5,0,70,,462,190,,,0,26,,455,190,0,5,0,72,,456,190,0,5,0,85,,463,190,0,5,0,45,,460,190,0,5,0,170,,464,190,0,5,0,125,,454,190,0,5,0
2000002300,'Fête-2-01',1314,,624,70,,,0
2000002300,'Semaine-01',1314,,625,70,,,0
