2301,'Fête-2-01',537,,31,240,,,0,88,,32,240,,,0,25,,33,240,,,0,70,,34,240,,,0,34,,35,240,,,0
2301,'Semaine-01',537,,36,240,,,0,88,,37,240,,,0,25,,38,240,,,0,70,,39,240,,,0,34,,40,240,,,0
20001,'Fête-1-01',615,,285,360,,,0,101,,269,360,0,9 7 8,0,101,,270,360,0,9 7 8,0,101,,271,360,0,9 7 8,0,29,,286,360,,,0,71,,272,360,0,9 7 8,0,29,,287,360,,,0,71,,273,360,0,9 7 8,0,29,,288,360,,,0,71,,274,360,0,9 7 8,0,29,,289,360,,,0,71,,275,360,0,9 7 8,0,29,,290,360,,,0,71,,276,360,0,9 7 8,0,29,,291,360,,,0,71,,277,360,0,9 7 8,0,29,,292,360,,,0,71,,278,360,0,9 7 8,0,30,,279,360,0,9 7 8,0,100,,280,360,0,9 7 8,0,99,,281,360,0,9 7 8,0,99,,282,360,0,9 7 8,0,100,,283,360,0,9 7 8,0,99,,284,360,0,9 7 8,0,100,,293,360,,,0,100,,294,360,,,0,100,,295,360,,,0
20001,'Fête-2-01',518,,339,70,,,0,13,,327,360,,,0,15,,330,360,,,0,55,,334,360,,,0,15,,335,360,,,0,16,,323,360,,,0,16,,338,360,,,0,54,,297,360,0,9 7 8,0,16,,322,360,,,0,14,,298,360,0,9 7 8,0,16,,321,360,,,0,56,,299,360,0,9 7 8,0,15,,320,360,,,0,15,,296,360,0,9 7 8,0,14,,324,360,,,0,55,,300,360,0,9 7 8,0,31,,336,360,,,0,68,,311,360,0,9 7 8,0,31,,337,360,,,0,69,,313,360,0,9 7 8,0,30,,325,360,,,0,71,,314,360,0,9 7 8,0,30,,315,360,0,9 7 8,0,70,,316,360,0,9 7 8,0,29,,326,360,,,0,71,,317,360,0,9 7 8,0,30,,328,360,,,0,70,,318,360,0,9 7 8,0,31,,329,360,,,0,70,,319,360,0,9 7 8,0,33,,301,360,0,9 7 8,0,69,,302,360,0,9 7 8,0,28,,303,360,0,9 7 8,0,69,,304,360,0,9 7 8,0,29,,305,360,0,9 7 8,0,68,,306,360,0,9 7 8,0,30,,307,360,0,9 7 8,0,29,,308,360,0,9 7 8,0,70,,309,360,0,9 7 8,0,30,,310,360,0,9 7 8,0,70,,312,360,0,9 7 8,0,100,,331,360,,,0,99,,332,360,,,0,90,,333,360,,,0
20001,'Semaine-01',518,,393,70,,,0,13,,373,360,,,0,15,,379,360,,,0,55,,388,360,,,0,15,,389,360,,,0,16,,369,360,,,0,16,,392,360,,,0,54,,343,360,0,9 7 8,0,16,,368,360,,,0,14,,344,360,0,9 7 8,0,16,,367,360,,,0,56,,345,360,0,9 7 8,0,9,,340,360,,,0,6,,366,360,,,0,15,,342,360,0,9 7 8,0,14,,370,360,,,0,55,,346,360,0,9 7 8,0,31,,390,360,,,0,68,,357,360,0,9 7 8,0,31,,391,360,,,0,69,,359,360,0,9 7 8,0,30,,371,360,,,0,16,,375,360,,,0,55,,360,360,0,9 7 8,0,30,,361,360,0,9 7 8,0,15,,374,360,,,0,55,,362,360,0,9 7 8,0,29,,372,360,,,0,71,,363,360,0,9 7 8,0,30,,376,360,,,0,70,,364,360,0,9 7 8,0,16,,341,360,,,0,15,,377,360,,,0,15,,378,360,,,0,55,,365,360,0,9 7 8,0,17,,394,360,,,0,16,,347,360,0,9 7 8,0,16,,380,360,,,0,53,,348,360,0,9 7 8,0,14,,381,360,,,0,14,,349,360,0,9 7 8,0,16,,382,360,,,0,53,,350,360,0,9 7 8,0,15,,383,360,,,0,14,,351,360,0,9 7 8,0,13,,384,360,,,0,55,,352,360,0,9 7 8,0,30,,353,360,0,9 7 8,0,29,,354,360,0,9 7 8,0,70,,355,360,0,9 7 8,0,30,,356,360,0,9 7 8,0,70,,358,360,0,9 7 8,0,100,,385,360,,,0,99,,386,360,,,0,90,,387,360,,,0
20001,'Week-end-01',615,,411,360,,,0,101,,395,360,0,9 7 8,0,101,,396,360,0,9 7 8,0,101,,397,360,0,9 7 8,0,29,,412,360,,,0,71,,398,360,0,9 7 8,0,29,,413,360,,,0,71,,399,360,0,9 7 8,0,29,,414,360,,,0,71,,400,360,0,9 7 8,0,29,,415,360,,,0,71,,401,360,0,9 7 8,0,29,,416,360,,,0,71,,402,360,0,9 7 8,0,29,,417,360,,,0,71,,403,360,0,9 7 8,0,29,,418,360,,,0,71,,404,360,0,9 7 8,0,30,,405,360,0,9 7 8,0,100,,406,360,0,9 7 8,0,99,,407,360,0,9 7 8,0,99,,408,360,0,9 7 8,0,100,,409,360,0,9 7 8,0,99,,410,360,0,9 7 8,0,100,,419,360,,,0,100,,420,360,,,0,100,,421,360,,,0
20101,'Semaine-01',601,,431,50,,,0,24,,436,10,,,0,16,,432,50,,,0,4,,437,10,,,0,11,,433,50,,,0,59,,438,10,,,0,11,,434,50,,,0,19,,439,10,,,0,12,,435,50,,,0
30001,'Fête-2-01',607,,467,80,,,0,50,,474,80,,,0,90,,472,80,,,0,93,,468,370,,,0,82,,473,80,,,0,98,,469,370,,,0,100,,470,370,,,0,102,,471,370,,,0,230,,475,80,,,0,200,,466,80,,,0
30001,'Semaine-01',607,,477,80,,,0,50,,484,80,,,0,90,,482,80,,,0,93,,478,370,,,0,82,,483,80,,,0,98,,479,370,,,0,100,,480,370,,,0,102,,481,370,,,0,230,,485,80,,,0,200,,476,80,,,0
2000002301,'Fête-2-01',1337,,626,240,,,0
2000002301,'Semaine-01',1337,,627,240,,,0
