2300,'Fête-2-01',1635,,21,40,,,0,80,,22,40,,,0,20,,23,40,,,0,70,,24,40,,,0,40,,25,40,,,0
2300,'Semaine-01',1635,,26,40,,,0,80,,27,40,,,0,20,,28,40,,,0,70,,29,40,,,0,40,,30,40,,,0
20000,'Fête-1-01',641,,117,190,,,0,100,,118,190,,,0,109,,101,230,0,6 7 8,0,100,,102,230,0,6 7 8,0,100,,103,230,0,6 7 8,0,62,,119,190,,,0,39,,104,230,0,6 7 8,0,61,,120,190,,,0,39,,105,230,0,6 7 8,0,61,,121,190,,,0,39,,106,230,0,6 7 8,0,61,,122,190,,,0,39,,107,230,0,6 7 8,0,61,,123,190,,,0,39,,108,230,0,6 7 8,0,61,,124,190,,,0,39,,109,230,0,6 7 8,0,70,,110,230,0,6 7 8,0,29,,111,230,0,6 7 8,0,70,,112,230,0,6 7 8,0,100,,113,230,0,6 7 8,0,99,,114,230,0,6 7 8,0,100,,115,230,0,6 7 8,0,100,,116,230,0,6 7 8,0,92,,125,190,,,0,99,,126,190,,,0,100,,127,190,,,0,90,,128,190,,,0
20000,'Fête-2-01',618,,156,190,,,0,32,,171,190,,,0,71,,176,190,,,0,21,,131,230,0,6 7 8,0,10,,177,190,,,0,70,,178,190,,,0,10,,157,190,,,0,15,,158,190,,,0,62,,141,230,0,6 7 8,0,6,,159,190,,,0,23,,146,230,0,6 7 8,0,62,,160,190,,,0,39,,147,230,0,6 7 8,0,61,,161,190,,,0,39,,148,230,0,6 7 8,0,61,,162,190,,,0,39,,149,230,0,6 7 8,0,64,,153,210,,,0,35,,150,230,0,6 7 8,0,6,,163,190,,,0,15,,164,190,,,0,80,,151,230,0,6 7 8,0,62,,165,190,,,0,40,,152,230,0,6 7 8,0,5,,166,190,,,0,69,,129,250,0,6 7 8,0,3,,167,190,,,0,26,,132,230,0,6 7 8,0,14,,154,210,,,0,57,,133,230,0,6 7 8,0,6,,168,190,,,0,23,,134,230,0,6 7 8,0,5,,169,190,,,0,68,,170,190,,,0,1,,130,250,0,6 7 8,0,23,,135,230,0,6 7 8,0,4,,172,190,,,0,64,,136,230,0,6 7 8,0,9,,155,210,,,0,21,,137,230,0,6 7 8,0,70,,138,230,0,6 7 8,0,30,,139,230,0,6 7 8,0,66,,140,230,0,6 7 8,0,30,,142,230,0,6 7 8,0,68,,143,230,0,6 7 8,0,30,,144,230,0,6 7 8,0,69,,145,230,0,6 7 8,0,53,,173,190,,,0,100,,174,190,,,0,80,,175,190,,,0
20000,'Semaine-01',618,,211,190,,,0,17,,221,190,,,0,15,,229,190,,,0,3,,240,150,0,6 7 8,0,2,,182,190,,,0,51,,234,190,,,0,6,,235,190,,,0,9,,236,190,,,0,21,,185,230,0,6 7 8,0,10,,237,190,,,0,55,,238,190,,,0,15,,239,190,,,0,10,,212,190,,,0,10,,179,190,,,0,10,,213,190,,,0,57,,195,230,0,6 7 8,0,6,,214,190,,,0,23,,201,230,0,6 7 8,0,62,,215,190,,,0,24,,180,230,0,6 7 8,0,15,,202,230,0,6 7 8,0,61,,216,190,,,0,39,,203,230,0,6 7 8,0,61,,217,190,,,0,39,,204,230,0,6 7 8,0,6,,218,190,,,0,58,,208,210,,,0,35,,205,230,0,6 7 8,0,6,,220,190,,,0,15,,222,190,,,0,80,,206,230,0,6 7 8,0,62,,223,190,,,0,15,,181,190,,,0,25,,207,230,0,6 7 8,0,5,,224,190,,,0,69,,183,250,0,6 7 8,0,3,,225,190,,,0,26,,186,230,0,6 7 8,0,6,,219,190,,,0,55,,209,210,,,0,10,,187,230,0,6 7 8,0,6,,226,190,,,0,23,,188,230,0,6 7 8,0,5,,227,190,,,0,68,,228,190,,,0,1,,184,250,0,6 7 8,0,23,,189,230,0,6 7 8,0,4,,230,190,,,0,64,,190,230,0,6 7 8,0,9,,210,210,,,0,21,,191,230,0,6 7 8,0,70,,192,230,0,6 7 8,0,30,,193,230,0,6 7 8,0,66,,194,230,0,6 7 8,0,30,,196,230,0,6 7 8,0,13,,197,230,0,6 7 8,0,55,,198,230,0,6 7 8,0,30,,199,230,0,6 7 8,0,69,,200,230,0,6 7 8,0,53,,231,190,,,0,100,,232,190,,,0,80,,233,190,,,0
20000,'Week-end-01',641,,257,190,,,0,100,,258,190,,,0,109,,241,230,0,6 7 8,0,100,,242,230,0,6 7 8,0,100,,243,230,0,6 7 8,0,62,,259,190,,,0,39,,244,230,0,6 7 8,0,61,,260,190,,,0,39,,245,230,0,6 7 8,0,61,,261,190,,,0,39,,246,230,0,6 7 8,0,61,,262,190,,,0,39,,247,230,0,6 7 8,0,61,,263,190,,,0,39,,248,230,0,6 7 8,0,61,,264,190,,,0,39,,249,230,0,6 7 8,0,70,,250,230,0,6 7 8,0,29,,251,230,0,6 7 8,0,70,,252,230,0,6 7 8,0,100,,253,230,0,6 7 8,0,99,,254,230,0,6 7 8,0,100,,255,230,0,6 7 8,0,100,,256,230,0,6 7 8,0,92,,265,190,,,0,99,,266,190,,,0,100,,267,190,,,0,90,,268,190,,,0
30000,'Fête-2-01',1225,,440,150,0,5,0,100,,444,150,,,0,100,,445,150,,,0,85,,446,150,,,0,47,,448,150,0,5,0,100,,452,150,0,5,0,70,,449,150,,,0,26,,442,150,0,5,0,72,,443,150,0,5,0,85,,450,150,,,0,45,,447,150,0,5,0,170,,451,150,0,5,0,125,,441,150,0,5,0
30000,'Semaine-01',1225,,453,150,0,5,0,100,,457,150,,,0,100,,458,150,,,0,85,,459,150,,,0,47,,461,150,0,5,0,100,,465,150,0,5,0,70,,462,150,,,0,26,,455,150,0,5,0,72,,456,150,0,5,0,85,,463,150,0,5,0,45,,460,150,0,5,0,170,,464,150,0,5,0,125,,454,150,0,5,0
2000002300,'Fête-2-01',1313,,624,40,,,0
2000002300,'Semaine-01',1313,,625,40,,,0
