2300,'Fête-2-01',1634,,21,20,,,0,80,,22,20,,,0,20,,23,20,,,0,70,,24,20,,,0,40,,25,20,,,0
2300,'Semaine-01',1634,,26,20,,,0,80,,27,20,,,0,20,,28,20,,,0,70,,29,20,,,0,40,,30,20,,,0
20000,'Fête-1-01',640,,117,170,,,0,100,,118,170,,,0,109,,101,210,0,6 7 8,0,100,,102,210,0,6 7 8,0,100,,103,210,0,6 7 8,0,62,,119,170,,,0,39,,104,210,0,6 7 8,0,61,,120,170,,,0,39,,105,210,0,6 7 8,0,61,,121,170,,,0,39,,106,210,0,6 7 8,0,61,,122,170,,,0,39,,107,210,0,6 7 8,0,61,,123,170,,,0,39,,108,210,0,6 7 8,0,61,,124,170,,,0,39,,109,210,0,6 7 8,0,70,,110,210,0,6 7 8,0,29,,111,210,0,6 7 8,0,70,,112,210,0,6 7 8,0,100,,113,210,0,6 7 8,0,99,,114,210,0,6 7 8,0,100,,115,210,0,6 7 8,0,100,,116,210,0,6 7 8,0,92,,125,170,,,0,99,,126,170,,,0,100,,127,170,,,0,50,,128,170,,,0
20000,'Fête-2-01',616,,156,170,,,0,32,,171,170,,,0,71,,176,170,,,0,22,,131,210,0,6 7 8,0,9,,177,170,,,0,70,,178,170,,,0,10,,157,170,,,0,15,,158,170,,,0,63,,141,210,0,6 7 8,0,5,,159,170,,,0,24,,146,210,0,6 7 8,0,21,,160,170,,,0,80,,147,210,0,6 7 8,0,20,,161,170,,,0,80,,148,210,0,6 7 8,0,20,,162,170,,,0,80,,149,210,0,6 7 8,0,63,,153,190,,,0,36,,150,210,0,6 7 8,0,5,,163,170,,,0,15,,164,170,,,0,81,,151,210,0,6 7 8,0,21,,165,170,,,0,81,,152,210,0,6 7 8,0,4,,166,170,,,0,70,,129,230,0,6 7 8,0,2,,167,170,,,0,26,,132,210,0,6 7 8,0,14,,154,190,,,0,57,,133,210,0,6 7 8,0,6,,168,170,,,0,24,,134,210,0,6 7 8,0,4,,169,170,,,0,68,,170,170,,,0,2,,130,230,0,6 7 8,0,23,,135,210,0,6 7 8,0,3,,172,170,,,0,65,,136,210,0,6 7 8,0,8,,155,190,,,0,22,,137,210,0,6 7 8,0,70,,138,210,0,6 7 8,0,30,,139,210,0,6 7 8,0,66,,140,210,0,6 7 8,0,30,,142,210,0,6 7 8,0,68,,143,210,0,6 7 8,0,30,,144,210,0,6 7 8,0,69,,145,210,0,6 7 8,0,53,,173,170,,,0,100,,174,170,,,0,80,,175,170,,,0
20000,'Semaine-01',616,,211,170,,,0,17,,221,170,,,0,15,,229,170,,,0,4,,240,130,0,6 7 8,0,1,,182,170,,,0,51,,234,170,,,0,6,,235,170,,,0,9,,236,170,,,0,22,,185,210,0,6 7 8,0,9,,237,170,,,0,55,,238,170,,,0,15,,239,170,,,0,10,,212,170,,,0,10,,179,170,,,0,10,,213,170,,,0,58,,195,210,0,6 7 8,0,5,,214,170,,,0,24,,201,210,0,6 7 8,0,21,,215,170,,,0,65,,180,210,0,6 7 8,0,15,,202,210,0,6 7 8,0,20,,216,170,,,0,80,,203,210,0,6 7 8,0,20,,217,170,,,0,80,,204,210,0,6 7 8,0,5,,218,170,,,0,58,,208,190,,,0,36,,205,210,0,6 7 8,0,5,,220,170,,,0,15,,222,170,,,0,81,,206,210,0,6 7 8,0,21,,223,170,,,0,55,,181,170,,,0,26,,207,210,0,6 7 8,0,4,,224,170,,,0,70,,183,230,0,6 7 8,0,2,,225,170,,,0,26,,186,210,0,6 7 8,0,6,,219,170,,,0,55,,209,190,,,0,10,,187,210,0,6 7 8,0,6,,226,170,,,0,24,,188,210,0,6 7 8,0,4,,227,170,,,0,68,,228,170,,,0,2,,184,230,0,6 7 8,0,23,,189,210,0,6 7 8,0,3,,230,170,,,0,65,,190,210,0,6 7 8,0,8,,210,190,,,0,22,,191,210,0,6 7 8,0,70,,192,210,0,6 7 8,0,30,,193,210,0,6 7 8,0,66,,194,210,0,6 7 8,0,30,,196,210,0,6 7 8,0,13,,197,210,0,6 7 8,0,55,,198,210,0,6 7 8,0,30,,199,210,0,6 7 8,0,69,,200,210,0,6 7 8,0,53,,231,170,,,0,100,,232,170,,,0,80,,233,170,,,0
20000,'Week-end-01',640,,257,170,,,0,100,,258,170,,,0,109,,241,210,0,6 7 8,0,100,,242,210,0,6 7 8,0,100,,243,210,0,6 7 8,0,62,,259,170,,,0,39,,244,210,0,6 7 8,0,61,,260,170,,,0,39,,245,210,0,6 7 8,0,61,,261,170,,,0,39,,246,210,0,6 7 8,0,61,,262,170,,,0,39,,247,210,0,6 7 8,0,61,,263,170,,,0,39,,248,210,0,6 7 8,0,61,,264,170,,,0,39,,249,210,0,6 7 8,0,70,,250,210,0,6 7 8,0,29,,251,210,0,6 7 8,0,70,,252,210,0,6 7 8,0,100,,253,210,0,6 7 8,0,99,,254,210,0,6 7 8,0,100,,255,210,0,6 7 8,0,100,,256,210,0,6 7 8,0,92,,265,170,,,0,99,,266,170,,,0,100,,267,170,,,0,50,,268,170,,,0
30000,'Fête-2-01',1224,,440,130,0,5,0,100,,444,130,,,0,100,,445,130,,,0,85,,446,130,,,0,47,,448,130,0,5,0,100,,452,130,0,5,0,70,,449,130,,,0,26,,442,130,0,5,0,72,,443,130,0,5,0,85,,450,130,,,0,45,,447,130,0,5,0,170,,451,130,0,5,0,125,,441,130,0,5,0
30000,'Semaine-01',1224,,453,130,0,5,0,100,,457,130,,,0,100,,458,130,,,0,85,,459,130,,,0,47,,461,130,0,5,0,100,,465,130,0,5,0,70,,462,130,,,0,26,,455,130,0,5,0,72,,456,130,0,5,0,85,,463,130,0,5,0,45,,460,130,0,5,0,170,,464,130,0,5,0,125,,454,130,0,5,0
2002000,'Fête-2-01',1633,,604,20,,,0,80,,605,20,,,0,20,,606,20,,,0,70,,607,20,,,0,40,,608,20,,,0
2002000,'Semaine-01',1633,,609,20,,,0,80,,610,20,,,0,20,,611,20,,,0,70,,612,20,,,0,40,,613,20,,,0
2000002300,'Fête-2-01',1312,,624,20,,,0
2000002300,'Semaine-01',1312,,625,20,,,0
