2301,'Fête-2-01',537,,31,250,,,0,88,,32,250,,,0,25,,33,250,,,0,70,,34,250,,,0,35,,35,250,,,0
2301,'Semaine-01',537,,36,250,,,0,88,,37,250,,,0,25,,38,250,,,0,70,,39,250,,,0,35,,40,250,,,0
20001,'Fête-1-01',616,,285,370,,,0,101,,269,370,0,9 7 8,0,101,,270,370,0,9 7 8,0,101,,271,370,0,9 7 8,0,29,,286,370,,,0,71,,272,370,0,9 7 8,0,29,,287,370,,,0,71,,273,370,0,9 7 8,0,29,,288,370,,,0,71,,274,370,0,9 7 8,0,29,,289,370,,,0,71,,275,370,0,9 7 8,0,29,,290,370,,,0,71,,276,370,0,9 7 8,0,29,,291,370,,,0,71,,277,370,0,9 7 8,0,29,,292,370,,,0,71,,278,370,0,9 7 8,0,30,,279,370,0,9 7 8,0,100,,280,370,0,9 7 8,0,99,,281,370,0,9 7 8,0,99,,282,370,0,9 7 8,0,100,,283,370,0,9 7 8,0,99,,284,370,0,9 7 8,0,100,,293,370,,,0,100,,294,370,,,0,100,,295,370,,,0
20001,'Fête-2-01',519,,339,80,,,0,13,,327,370,,,0,15,,330,370,,,0,55,,334,370,,,0,15,,335,370,,,0,16,,323,370,,,0,16,,338,370,,,0,54,,297,370,0,9 7 8,0,16,,322,370,,,0,14,,298,370,0,9 7 8,0,16,,321,370,,,0,56,,299,370,0,9 7 8,0,15,,320,370,,,0,15,,296,370,0,9 7 8,0,14,,324,370,,,0,55,,300,370,0,9 7 8,0,31,,336,370,,,0,68,,311,370,0,9 7 8,0,31,,337,370,,,0,69,,313,370,0,9 7 8,0,30,,325,370,,,0,71,,314,370,0,9 7 8,0,30,,315,370,0,9 7 8,0,70,,316,370,0,9 7 8,0,29,,326,370,,,0,71,,317,370,0,9 7 8,0,30,,328,370,,,0,70,,318,370,0,9 7 8,0,31,,329,370,,,0,70,,319,370,0,9 7 8,0,33,,301,370,0,9 7 8,0,69,,302,370,0,9 7 8,0,28,,303,370,0,9 7 8,0,69,,304,370,0,9 7 8,0,29,,305,370,0,9 7 8,0,68,,306,370,0,9 7 8,0,30,,307,370,0,9 7 8,0,69,,308,370,0,9 7 8,0,30,,309,370,0,9 7 8,0,70,,310,370,0,9 7 8,0,30,,312,370,0,9 7 8,0,100,,331,370,,,0,99,,332,370,,,0,90,,333,370,,,0
20001,'Semaine-01',519,,393,80,,,0,13,,373,370,,,0,15,,379,370,,,0,55,,388,370,,,0,15,,389,370,,,0,16,,369,370,,,0,16,,392,370,,,0,54,,343,370,0,9 7 8,0,16,,368,370,,,0,14,,344,370,0,9 7 8,0,16,,367,370,,,0,56,,345,370,0,9 7 8,0,9,,340,370,,,0,6,,366,370,,,0,15,,342,370,0,9 7 8,0,14,,370,370,,,0,55,,346,370,0,9 7 8,0,31,,390,370,,,0,68,,357,370,0,9 7 8,0,31,,391,370,,,0,69,,359,370,0,9 7 8,0,30,,371,370,,,0,16,,375,370,,,0,55,,360,370,0,9 7 8,0,30,,361,370,0,9 7 8,0,15,,374,370,,,0,55,,362,370,0,9 7 8,0,29,,372,370,,,0,71,,363,370,0,9 7 8,0,30,,376,370,,,0,70,,364,370,0,9 7 8,0,16,,341,370,,,0,15,,377,370,,,0,15,,378,370,,,0,55,,365,370,0,9 7 8,0,17,,394,370,,,0,16,,347,370,0,9 7 8,0,16,,380,370,,,0,53,,348,370,0,9 7 8,0,14,,381,370,,,0,14,,349,370,0,9 7 8,0,16,,382,370,,,0,53,,350,370,0,9 7 8,0,15,,383,370,,,0,14,,351,370,0,9 7 8,0,13,,384,370,,,0,55,,352,370,0,9 7 8,0,30,,353,370,0,9 7 8,0,69,,354,370,0,9 7 8,0,30,,355,370,0,9 7 8,0,70,,356,370,0,9 7 8,0,30,,358,370,0,9 7 8,0,100,,385,370,,,0,99,,386,370,,,0,90,,387,370,,,0
20001,'Week-end-01',616,,411,370,,,0,101,,395,370,0,9 7 8,0,101,,396,370,0,9 7 8,0,101,,397,370,0,9 7 8,0,29,,412,370,,,0,71,,398,370,0,9 7 8,0,29,,413,370,,,0,71,,399,370,0,9 7 8,0,29,,414,370,,,0,71,,400,370,0,9 7 8,0,29,,415,370,,,0,71,,401,370,0,9 7 8,0,29,,416,370,,,0,71,,402,370,0,9 7 8,0,29,,417,370,,,0,71,,403,370,0,9 7 8,0,29,,418,370,,,0,71,,404,370,0,9 7 8,0,30,,405,370,0,9 7 8,0,100,,406,370,0,9 7 8,0,99,,407,370,0,9 7 8,0,99,,408,370,0,9 7 8,0,100,,409,370,0,9 7 8,0,99,,410,370,0,9 7 8,0,100,,419,370,,,0,100,,420,370,,,0,100,,421,370,,,0
20101,'Semaine-01',602,,431,60,,,0,24,,436,20,,,0,16,,432,60,,,0,4,,437,20,,,0,11,,433,60,,,0,59,,438,20,,,0,11,,434,60,,,0,19,,439,20,,,0,12,,435,60,,,0
30001,'Fête-2-01',608,,467,90,,,0,50,,474,90,,,0,90,,472,90,,,0,93,,468,380,,,0,82,,473,90,,,0,98,,469,380,,,0,100,,470,380,,,0,102,,471,380,,,0,230,,475,90,,,0,200,,466,90,,,0
30001,'Semaine-01',608,,477,90,,,0,50,,484,90,,,0,90,,482,90,,,0,93,,478,380,,,0,82,,483,90,,,0,98,,479,380,,,0,100,,480,380,,,0,102,,481,380,,,0,230,,485,90,,,0,200,,476,90,,,0
2000002301,'Fête-2-01',1337,,626,250,,,0
2000002301,'Semaine-01',1337,,627,250,,,0
