2300,'Fête-2-01',1637,,21,90,,,0,80,,22,90,,,0,20,,23,90,,,0,70,,24,90,,,0,40,,25,90,,,0
2300,'Semaine-01',1637,,26,90,,,0,80,,27,90,,,0,20,,28,90,,,0,70,,29,90,,,0,40,,30,90,,,0
20000,'Fête-1-01',644,,117,250,,,0,100,,118,250,,,0,109,,101,290,0,6 7 8,0,100,,102,290,0,6 7 8,0,100,,103,290,0,6 7 8,0,62,,119,250,,,0,39,,104,290,0,6 7 8,0,61,,120,250,,,0,39,,105,290,0,6 7 8,0,61,,121,250,,,0,39,,106,290,0,6 7 8,0,61,,122,250,,,0,39,,107,290,0,6 7 8,0,61,,123,250,,,0,39,,108,290,0,6 7 8,0,61,,124,250,,,0,39,,109,290,0,6 7 8,0,70,,110,290,0,6 7 8,0,29,,111,290,0,6 7 8,0,70,,112,290,0,6 7 8,0,100,,113,290,0,6 7 8,0,99,,114,290,0,6 7 8,0,100,,115,290,0,6 7 8,0,100,,116,290,0,6 7 8,0,92,,125,250,,,0,99,,126,250,,,0,100,,127,250,,,0,90,,128,250,,,0
20000,'Fête-2-01',621,,156,250,,,0,32,,171,250,,,0,71,,176,250,,,0,21,,131,290,0,6 7 8,0,10,,177,250,,,0,70,,178,250,,,0,10,,157,250,,,0,15,,158,250,,,0,62,,141,290,0,6 7 8,0,7,,159,250,,,0,22,,146,290,0,6 7 8,0,63,,160,250,,,0,38,,147,290,0,6 7 8,0,61,,161,250,,,0,39,,148,290,0,6 7 8,0,61,,162,250,,,0,39,,149,290,0,6 7 8,0,65,,153,270,,,0,34,,150,290,0,6 7 8,0,7,,163,250,,,0,55,,164,250,,,0,40,,151,290,0,6 7 8,0,62,,165,250,,,0,40,,152,290,0,6 7 8,0,4,,166,250,,,0,70,,129,310,0,6 7 8,0,3,,167,250,,,0,26,,132,290,0,6 7 8,0,55,,154,270,,,0,16,,133,290,0,6 7 8,0,6,,168,250,,,0,22,,134,290,0,6 7 8,0,5,,169,250,,,0,68,,170,250,,,0,2,,130,310,0,6 7 8,0,23,,135,290,0,6 7 8,0,3,,172,250,,,0,65,,136,290,0,6 7 8,0,8,,155,270,,,0,22,,137,290,0,6 7 8,0,70,,138,290,0,6 7 8,0,30,,139,290,0,6 7 8,0,66,,140,290,0,6 7 8,0,30,,142,290,0,6 7 8,0,67,,143,290,0,6 7 8,0,30,,144,290,0,6 7 8,0,69,,145,290,0,6 7 8,0,53,,173,250,,,0,100,,174,250,,,0,80,,175,250,,,0
20000,'Semaine-01',621,,211,250,,,0,17,,221,250,,,0,15,,229,250,,,0,4,,240,210,0,6 7 8,0,1,,182,250,,,0,51,,234,250,,,0,6,,235,250,,,0,9,,236,250,,,0,21,,185,290,0,6 7 8,0,10,,237,250,,,0,55,,238,250,,,0,15,,239,250,,,0,10,,212,250,,,0,10,,179,250,,,0,10,,213,250,,,0,57,,195,290,0,6 7 8,0,7,,214,250,,,0,22,,201,290,0,6 7 8,0,63,,215,250,,,0,23,,180,290,0,6 7 8,0,15,,202,290,0,6 7 8,0,61,,216,250,,,0,39,,203,290,0,6 7 8,0,61,,217,250,,,0,39,,204,290,0,6 7 8,0,6,,218,250,,,0,59,,208,270,,,0,34,,205,290,0,6 7 8,0,7,,220,250,,,0,55,,222,250,,,0,40,,206,290,0,6 7 8,0,62,,223,250,,,0,15,,181,250,,,0,25,,207,290,0,6 7 8,0,4,,224,250,,,0,70,,183,310,0,6 7 8,0,3,,225,250,,,0,26,,186,290,0,6 7 8,0,6,,219,250,,,0,56,,209,270,,,0,9,,187,290,0,6 7 8,0,6,,226,250,,,0,22,,188,290,0,6 7 8,0,5,,227,250,,,0,68,,228,250,,,0,2,,184,310,0,6 7 8,0,23,,189,290,0,6 7 8,0,3,,230,250,,,0,65,,190,290,0,6 7 8,0,8,,210,270,,,0,22,,191,290,0,6 7 8,0,70,,192,290,0,6 7 8,0,30,,193,290,0,6 7 8,0,66,,194,290,0,6 7 8,0,30,,196,290,0,6 7 8,0,12,,197,290,0,6 7 8,0,55,,198,290,0,6 7 8,0,30,,199,290,0,6 7 8,0,69,,200,290,0,6 7 8,0,53,,231,250,,,0,100,,232,250,,,0,80,,233,250,,,0
20000,'Week-end-01',644,,257,250,,,0,100,,258,250,,,0,109,,241,290,0,6 7 8,0,100,,242,290,0,6 7 8,0,100,,243,290,0,6 7 8,0,62,,259,250,,,0,39,,244,290,0,6 7 8,0,61,,260,250,,,0,39,,245,290,0,6 7 8,0,61,,261,250,,,0,39,,246,290,0,6 7 8,0,61,,262,250,,,0,39,,247,290,0,6 7 8,0,61,,263,250,,,0,39,,248,290,0,6 7 8,0,61,,264,250,,,0,39,,249,290,0,6 7 8,0,70,,250,290,0,6 7 8,0,29,,251,290,0,6 7 8,0,70,,252,290,0,6 7 8,0,100,,253,290,0,6 7 8,0,99,,254,290,0,6 7 8,0,100,,255,290,0,6 7 8,0,100,,256,290,0,6 7 8,0,92,,265,250,,,0,99,,266,250,,,0,100,,267,250,,,0,90,,268,250,,,0
20100,'Semaine-01',1600,,427,110,4,,0,31,,422,110,4,,0,23,,423,110,4,,0,57,,428,110,4,,0,19,,430,110,4,,0,20,,429,110,4,,0,5,,424,110,4,,0,65,,425,110,4,,0,30,,426,110,4,,0
30000,'Fête-2-01',1228,,440,210,0,5,0,100,,444,210,,,0,100,,445,210,,,0,85,,446,210,,,0,87,,448,210,0,5,0,100,,452,210,0,5,0,30,,449,210,,,0,26,,442,210,0,5,0,72,,443,210,0,5,0,85,,450,210,,,0,45,,447,210,0,5,0,170,,451,210,0,5,0,125,,441,210,0,5,0
30000,'Semaine-01',1228,,453,210,0,5,0,100,,457,210,,,0,100,,458,210,,,0,85,,459,210,,,0,87,,461,210,0,5,0,100,,465,210,0,5,0,30,,462,210,,,0,26,,455,210,0,5,0,72,,456,210,0,5,0,85,,463,210,0,5,0,45,,460,210,0,5,0,170,,464,210,0,5,0,125,,454,210,0,5,0
2000002300,'Fête-2-01',1315,,624,90,,,0
2000002300,'Semaine-01',1315,,625,90,,,0
