2300,'Fête-2-01',1635,,21,30,,,0,80,,22,30,,,0,20,,23,30,,,0,70,,24,30,,,0,40,,25,30,,,0
2300,'Semaine-01',1635,,26,30,,,0,80,,27,30,,,0,20,,28,30,,,0,70,,29,30,,,0,40,,30,30,,,0
20000,'Fête-1-01',641,,117,180,,,0,100,,118,180,,,0,109,,101,220,0,6 7 8,0,100,,102,220,0,6 7 8,0,100,,103,220,0,6 7 8,0,62,,119,180,,,0,39,,104,220,0,6 7 8,0,61,,120,180,,,0,39,,105,220,0,6 7 8,0,61,,121,180,,,0,39,,106,220,0,6 7 8,0,61,,122,180,,,0,39,,107,220,0,6 7 8,0,61,,123,180,,,0,39,,108,220,0,6 7 8,0,61,,124,180,,,0,39,,109,220,0,6 7 8,0,70,,110,220,0,6 7 8,0,29,,111,220,0,6 7 8,0,70,,112,220,0,6 7 8,0,100,,113,220,0,6 7 8,0,99,,114,220,0,6 7 8,0,100,,115,220,0,6 7 8,0,100,,116,220,0,6 7 8,0,92,,125,180,,,0,99,,126,180,,,0,100,,127,180,,,0,90,,128,180,,,0
20000,'Fête-2-01',617,,156,180,,,0,32,,171,180,,,0,71,,176,180,,,0,22,,131,220,0,6 7 8,0,9,,177,180,,,0,70,,178,180,,,0,10,,157,180,,,0,15,,158,180,,,0,63,,141,220,0,6 7 8,0,5,,159,180,,,0,24,,146,220,0,6 7 8,0,21,,160,180,,,0,80,,147,220,0,6 7 8,0,20,,161,180,,,0,80,,148,220,0,6 7 8,0,20,,162,180,,,0,80,,149,220,0,6 7 8,0,63,,153,200,,,0,36,,150,220,0,6 7 8,0,5,,163,180,,,0,15,,164,180,,,0,81,,151,220,0,6 7 8,0,61,,165,180,,,0,41,,152,220,0,6 7 8,0,4,,166,180,,,0,70,,129,240,0,6 7 8,0,2,,167,180,,,0,26,,132,220,0,6 7 8,0,14,,154,200,,,0,57,,133,220,0,6 7 8,0,6,,168,180,,,0,24,,134,220,0,6 7 8,0,4,,169,180,,,0,68,,170,180,,,0,2,,130,240,0,6 7 8,0,23,,135,220,0,6 7 8,0,3,,172,180,,,0,65,,136,220,0,6 7 8,0,8,,155,200,,,0,22,,137,220,0,6 7 8,0,70,,138,220,0,6 7 8,0,30,,139,220,0,6 7 8,0,66,,140,220,0,6 7 8,0,30,,142,220,0,6 7 8,0,68,,143,220,0,6 7 8,0,30,,144,220,0,6 7 8,0,69,,145,220,0,6 7 8,0,53,,173,180,,,0,100,,174,180,,,0,80,,175,180,,,0
20000,'Semaine-01',617,,211,180,,,0,17,,221,180,,,0,15,,229,180,,,0,4,,240,140,0,6 7 8,0,1,,182,180,,,0,51,,234,180,,,0,6,,235,180,,,0,9,,236,180,,,0,22,,185,220,0,6 7 8,0,9,,237,180,,,0,55,,238,180,,,0,15,,239,180,,,0,10,,212,180,,,0,10,,179,180,,,0,10,,213,180,,,0,58,,195,220,0,6 7 8,0,5,,214,180,,,0,24,,201,220,0,6 7 8,0,21,,215,180,,,0,65,,180,220,0,6 7 8,0,15,,202,220,0,6 7 8,0,20,,216,180,,,0,80,,203,220,0,6 7 8,0,20,,217,180,,,0,80,,204,220,0,6 7 8,0,5,,218,180,,,0,58,,208,200,,,0,36,,205,220,0,6 7 8,0,5,,220,180,,,0,15,,222,180,,,0,81,,206,220,0,6 7 8,0,61,,223,180,,,0,15,,181,180,,,0,26,,207,220,0,6 7 8,0,4,,224,180,,,0,70,,183,240,0,6 7 8,0,2,,225,180,,,0,26,,186,220,0,6 7 8,0,6,,219,180,,,0,55,,209,200,,,0,10,,187,220,0,6 7 8,0,6,,226,180,,,0,24,,188,220,0,6 7 8,0,4,,227,180,,,0,68,,228,180,,,0,2,,184,240,0,6 7 8,0,23,,189,220,0,6 7 8,0,3,,230,180,,,0,65,,190,220,0,6 7 8,0,8,,210,200,,,0,22,,191,220,0,6 7 8,0,70,,192,220,0,6 7 8,0,30,,193,220,0,6 7 8,0,66,,194,220,0,6 7 8,0,30,,196,220,0,6 7 8,0,13,,197,220,0,6 7 8,0,55,,198,220,0,6 7 8,0,30,,199,220,0,6 7 8,0,69,,200,220,0,6 7 8,0,53,,231,180,,,0,100,,232,180,,,0,80,,233,180,,,0
20000,'Week-end-01',641,,257,180,,,0,100,,258,180,,,0,109,,241,220,0,6 7 8,0,100,,242,220,0,6 7 8,0,100,,243,220,0,6 7 8,0,62,,259,180,,,0,39,,244,220,0,6 7 8,0,61,,260,180,,,0,39,,245,220,0,6 7 8,0,61,,261,180,,,0,39,,246,220,0,6 7 8,0,61,,262,180,,,0,39,,247,220,0,6 7 8,0,61,,263,180,,,0,39,,248,220,0,6 7 8,0,61,,264,180,,,0,39,,249,220,0,6 7 8,0,70,,250,220,0,6 7 8,0,29,,251,220,0,6 7 8,0,70,,252,220,0,6 7 8,0,100,,253,220,0,6 7 8,0,99,,254,220,0,6 7 8,0,100,,255,220,0,6 7 8,0,100,,256,220,0,6 7 8,0,92,,265,180,,,0,99,,266,180,,,0,100,,267,180,,,0,90,,268,180,,,0
20100,'Semaine-01',1556,,427,90,4,,0,71,,422,90,4,,0,23,,423,90,4,,0,57,,428,90,4,,0,19,,430,90,4,,0,20,,429,90,4,,0,6,,424,90,4,,0,65,,425,90,4,,0,30,,426,90,4,,0
30000,'Fête-2-01',1225,,440,140,0,5,0,100,,444,140,,,0,100,,445,140,,,0,85,,446,140,,,0,47,,448,140,0,5,0,100,,452,140,0,5,0,70,,449,140,,,0,26,,442,140,0,5,0,72,,443,140,0,5,0,85,,450,140,,,0,45,,447,140,0,5,0,170,,451,140,0,5,0,125,,441,140,0,5,0
30000,'Semaine-01',1225,,453,140,0,5,0,100,,457,140,,,0,100,,458,140,,,0,85,,459,140,,,0,47,,461,140,0,5,0,100,,465,140,0,5,0,70,,462,140,,,0,26,,455,140,0,5,0,72,,456,140,0,5,0,85,,463,140,0,5,0,45,,460,140,0,5,0,170,,464,140,0,5,0,125,,454,140,0,5,0
2000002300,'Fête-2-01',1313,,624,30,,,0
2000002300,'Semaine-01',1313,,625,30,,,0
