2301,'Fête-2-01',541,,31,310,,,0,88,,32,310,,,0,25,,33,310,,,0,70,,34,310,,,0,35,,35,310,,,0
2301,'Semaine-01',541,,36,310,,,0,88,,37,310,,,0,25,,38,310,,,0,70,,39,310,,,0,35,,40,310,,,0
20001,'Fête-1-01',620,,285,430,,,0,101,,269,430,0,9 7 8,0,101,,270,430,0,9 7 8,0,102,,271,430,0,9 7 8,0,29,,286,430,,,0,71,,272,430,0,9 7 8,0,29,,287,430,,,0,71,,273,430,0,9 7 8,0,29,,288,430,,,0,71,,274,430,0,9 7 8,0,29,,289,430,,,0,71,,275,430,0,9 7 8,0,29,,290,430,,,0,71,,276,430,0,9 7 8,0,29,,291,430,,,0,71,,277,430,0,9 7 8,0,29,,292,430,,,0,71,,278,430,0,9 7 8,0,30,,279,430,0,9 7 8,0,100,,280,430,0,9 7 8,0,98,,281,430,0,9 7 8,0,99,,282,430,0,9 7 8,0,100,,283,430,0,9 7 8,0,99,,284,430,0,9 7 8,0,100,,293,430,,,0,100,,294,430,,,0,100,,295,430,,,0
20001,'Fête-2-01',522,,339,140,,,0,14,,327,430,,,0,15,,330,430,,,0,55,,334,430,,,0,15,,335,430,,,0,16,,323,430,,,0,18,,338,430,,,0,53,,297,430,0,9 7 8,0,16,,322,430,,,0,14,,298,430,0,9 7 8,0,16,,321,430,,,0,56,,299,430,0,9 7 8,0,15,,320,430,,,0,14,,296,430,0,9 7 8,0,15,,324,430,,,0,55,,300,430,0,9 7 8,0,30,,336,430,,,0,69,,311,430,0,9 7 8,0,31,,337,430,,,0,69,,313,430,0,9 7 8,0,30,,325,430,,,0,72,,314,430,0,9 7 8,0,30,,315,430,0,9 7 8,0,68,,316,430,0,9 7 8,0,29,,326,430,,,0,71,,317,430,0,9 7 8,0,31,,328,430,,,0,71,,318,430,0,9 7 8,0,31,,329,430,,,0,70,,319,430,0,9 7 8,0,33,,301,430,0,9 7 8,0,69,,302,430,0,9 7 8,0,27,,303,430,0,9 7 8,0,69,,304,430,0,9 7 8,0,28,,305,430,0,9 7 8,0,68,,306,430,0,9 7 8,0,30,,307,430,0,9 7 8,0,68,,308,430,0,9 7 8,0,30,,309,430,0,9 7 8,0,70,,310,430,0,9 7 8,0,30,,312,430,0,9 7 8,0,101,,331,430,,,0,99,,332,430,,,0,90,,333,430,,,0
20001,'Semaine-01',522,,393,140,,,0,14,,373,430,,,0,15,,379,430,,,0,55,,388,430,,,0,15,,389,430,,,0,16,,369,430,,,0,18,,392,430,,,0,53,,343,430,0,9 7 8,0,16,,368,430,,,0,14,,344,430,0,9 7 8,0,16,,367,430,,,0,56,,345,430,0,9 7 8,0,8,,340,430,,,0,7,,366,430,,,0,14,,342,430,0,9 7 8,0,15,,370,430,,,0,55,,346,430,0,9 7 8,0,30,,390,430,,,0,69,,357,430,0,9 7 8,0,31,,391,430,,,0,69,,359,430,0,9 7 8,0,30,,371,430,,,0,16,,375,430,,,0,56,,360,430,0,9 7 8,0,30,,361,430,0,9 7 8,0,13,,374,430,,,0,55,,362,430,0,9 7 8,0,29,,372,430,,,0,71,,363,430,0,9 7 8,0,31,,376,430,,,0,71,,364,430,0,9 7 8,0,16,,341,430,,,0,15,,377,430,,,0,15,,378,430,,,0,55,,365,430,0,9 7 8,0,17,,394,430,,,0,16,,347,430,0,9 7 8,0,56,,380,430,,,0,13,,348,430,0,9 7 8,0,12,,381,430,,,0,15,,349,430,0,9 7 8,0,15,,382,430,,,0,54,,350,430,0,9 7 8,0,14,,383,430,,,0,14,,351,430,0,9 7 8,0,13,,384,430,,,0,55,,352,430,0,9 7 8,0,30,,353,430,0,9 7 8,0,68,,354,430,0,9 7 8,0,30,,355,430,0,9 7 8,0,70,,356,430,0,9 7 8,0,30,,358,430,0,9 7 8,0,101,,385,430,,,0,99,,386,430,,,0,90,,387,430,,,0
20001,'Week-end-01',620,,411,430,,,0,101,,395,430,0,9 7 8,0,101,,396,430,0,9 7 8,0,102,,397,430,0,9 7 8,0,29,,412,430,,,0,71,,398,430,0,9 7 8,0,29,,413,430,,,0,71,,399,430,0,9 7 8,0,29,,414,430,,,0,71,,400,430,0,9 7 8,0,29,,415,430,,,0,71,,401,430,0,9 7 8,0,29,,416,430,,,0,71,,402,430,0,9 7 8,0,29,,417,430,,,0,71,,403,430,0,9 7 8,0,29,,418,430,,,0,71,,404,430,0,9 7 8,0,30,,405,430,0,9 7 8,0,100,,406,430,0,9 7 8,0,98,,407,430,0,9 7 8,0,99,,408,430,0,9 7 8,0,100,,409,430,0,9 7 8,0,99,,410,430,0,9 7 8,0,100,,419,430,,,0,100,,420,430,,,0,100,,421,430,,,0
20101,'Semaine-01',606,,431,80,,,0,25,,436,40,,,0,16,,432,80,,,0,4,,437,40,,,0,51,,433,80,,,0,19,,438,40,,,0,11,,434,80,,,0,19,,439,40,,,0,52,,435,80,,,0
30001,'Fête-2-01',612,,467,150,,,0,91,,474,150,,,0,50,,472,150,,,0,93,,468,440,,,0,82,,473,150,,,0,98,,469,440,,,0,99,,470,440,,,0,102,,471,440,,,0,230,,475,150,,,0,200,,466,150,,,0
30001,'Semaine-01',612,,477,150,,,0,91,,484,150,,,0,50,,482,150,,,0,93,,478,440,,,0,82,,483,150,,,0,98,,479,440,,,0,99,,480,440,,,0,102,,481,440,,,0,230,,485,150,,,0,200,,476,150,,,0
2000002301,'Fête-2-01',1341,,626,310,,,0
2000002301,'Semaine-01',1341,,627,310,,,0
