2300,'Fête-2-01',1639,,21,100,,,0,80,,22,100,,,0,20,,23,100,,,0,70,,24,100,,,0,40,,25,100,,,0
2300,'Semaine-01',1639,,26,100,,,0,80,,27,100,,,0,20,,28,100,,,0,70,,29,100,,,0,40,,30,100,,,0
20000,'Fête-1-01',646,,117,260,,,0,100,,118,260,,,0,109,,101,300,0,6 7 8,0,100,,102,300,0,6 7 8,0,100,,103,300,0,6 7 8,0,62,,119,260,,,0,39,,104,300,0,6 7 8,0,61,,120,260,,,0,39,,105,300,0,6 7 8,0,61,,121,260,,,0,39,,106,300,0,6 7 8,0,61,,122,260,,,0,39,,107,300,0,6 7 8,0,61,,123,260,,,0,39,,108,300,0,6 7 8,0,61,,124,260,,,0,39,,109,300,0,6 7 8,0,70,,110,300,0,6 7 8,0,29,,111,300,0,6 7 8,0,70,,112,300,0,6 7 8,0,100,,113,300,0,6 7 8,0,99,,114,300,0,6 7 8,0,100,,115,300,0,6 7 8,0,100,,116,300,0,6 7 8,0,92,,125,260,,,0,99,,126,260,,,0,100,,127,260,,,0,90,,128,260,,,0
20000,'Fête-2-01',623,,156,260,,,0,32,,171,260,,,0,71,,176,260,,,0,21,,131,300,0,6 7 8,0,10,,177,260,,,0,70,,178,260,,,0,10,,157,260,,,0,15,,158,260,,,0,62,,141,300,0,6 7 8,0,7,,159,260,,,0,22,,146,300,0,6 7 8,0,63,,160,260,,,0,38,,147,300,0,6 7 8,0,61,,161,260,,,0,39,,148,300,0,6 7 8,0,61,,162,260,,,0,39,,149,300,0,6 7 8,0,65,,153,280,,,0,34,,150,300,0,6 7 8,0,8,,163,260,,,0,55,,164,260,,,0,39,,151,300,0,6 7 8,0,62,,165,260,,,0,40,,152,300,0,6 7 8,0,4,,166,260,,,0,71,,129,320,0,6 7 8,0,2,,167,260,,,0,26,,132,300,0,6 7 8,0,56,,154,280,,,0,15,,133,300,0,6 7 8,0,6,,168,260,,,0,22,,134,300,0,6 7 8,0,5,,169,260,,,0,68,,170,260,,,0,2,,130,320,0,6 7 8,0,23,,135,300,0,6 7 8,0,3,,172,260,,,0,65,,136,300,0,6 7 8,0,8,,155,280,,,0,22,,137,300,0,6 7 8,0,70,,138,300,0,6 7 8,0,30,,139,300,0,6 7 8,0,66,,140,300,0,6 7 8,0,30,,142,300,0,6 7 8,0,67,,143,300,0,6 7 8,0,30,,144,300,0,6 7 8,0,69,,145,300,0,6 7 8,0,52,,173,260,,,0,100,,174,260,,,0,80,,175,260,,,0
20000,'Semaine-01',623,,211,260,,,0,17,,221,260,,,0,15,,229,260,,,0,4,,240,220,0,6 7 8,0,41,,182,260,,,0,11,,234,260,,,0,6,,235,260,,,0,9,,236,260,,,0,21,,185,300,0,6 7 8,0,10,,237,260,,,0,55,,238,260,,,0,15,,239,260,,,0,10,,212,260,,,0,10,,179,260,,,0,10,,213,260,,,0,57,,195,300,0,6 7 8,0,7,,214,260,,,0,22,,201,300,0,6 7 8,0,63,,215,260,,,0,23,,180,300,0,6 7 8,0,15,,202,300,0,6 7 8,0,61,,216,260,,,0,39,,203,300,0,6 7 8,0,61,,217,260,,,0,39,,204,300,0,6 7 8,0,6,,218,260,,,0,59,,208,280,,,0,34,,205,300,0,6 7 8,0,8,,220,260,,,0,55,,222,260,,,0,39,,206,300,0,6 7 8,0,62,,223,260,,,0,15,,181,260,,,0,25,,207,300,0,6 7 8,0,4,,224,260,,,0,71,,183,320,0,6 7 8,0,2,,225,260,,,0,26,,186,300,0,6 7 8,0,6,,219,260,,,0,57,,209,280,,,0,8,,187,300,0,6 7 8,0,6,,226,260,,,0,22,,188,300,0,6 7 8,0,5,,227,260,,,0,68,,228,260,,,0,2,,184,320,0,6 7 8,0,23,,189,300,0,6 7 8,0,3,,230,260,,,0,65,,190,300,0,6 7 8,0,8,,210,280,,,0,22,,191,300,0,6 7 8,0,70,,192,300,0,6 7 8,0,30,,193,300,0,6 7 8,0,66,,194,300,0,6 7 8,0,30,,196,300,0,6 7 8,0,12,,197,300,0,6 7 8,0,55,,198,300,0,6 7 8,0,30,,199,300,0,6 7 8,0,69,,200,300,0,6 7 8,0,52,,231,260,,,0,100,,232,260,,,0,80,,233,260,,,0
20000,'Week-end-01',646,,257,260,,,0,100,,258,260,,,0,109,,241,300,0,6 7 8,0,100,,242,300,0,6 7 8,0,100,,243,300,0,6 7 8,0,62,,259,260,,,0,39,,244,300,0,6 7 8,0,61,,260,260,,,0,39,,245,300,0,6 7 8,0,61,,261,260,,,0,39,,246,300,0,6 7 8,0,61,,262,260,,,0,39,,247,300,0,6 7 8,0,61,,263,260,,,0,39,,248,300,0,6 7 8,0,61,,264,260,,,0,39,,249,300,0,6 7 8,0,70,,250,300,0,6 7 8,0,29,,251,300,0,6 7 8,0,70,,252,300,0,6 7 8,0,100,,253,300,0,6 7 8,0,99,,254,300,0,6 7 8,0,100,,255,300,0,6 7 8,0,100,,256,300,0,6 7 8,0,92,,265,260,,,0,99,,266,260,,,0,100,,267,260,,,0,90,,268,260,,,0
20100,'Semaine-01',1602,,427,120,4,,0,31,,422,120,4,,0,23,,423,120,4,,0,57,,428,120,4,,0,19,,430,120,4,,0,20,,429,120,4,,0,5,,424,120,4,,0,65,,425,120,4,,0,30,,426,120,4,,0
30000,'Fête-2-01',1230,,440,220,0,5,0,100,,444,220,,,0,100,,445,220,,,0,85,,446,220,,,0,87,,448,220,0,5,0,100,,452,220,0,5,0,30,,449,220,,,0,26,,442,220,0,5,0,72,,443,220,0,5,0,85,,450,220,,,0,85,,447,220,0,5,0,130,,451,220,0,5,0,125,,441,220,0,5,0
30000,'Semaine-01',1230,,453,220,0,5,0,100,,457,220,,,0,100,,458,220,,,0,85,,459,220,,,0,87,,461,220,0,5,0,100,,465,220,0,5,0,30,,462,220,,,0,26,,455,220,0,5,0,72,,456,220,0,5,0,85,,463,220,0,5,0,85,,460,220,0,5,0,130,,464,220,0,5,0,125,,454,220,0,5,0
2000002300,'Fête-2-01',1317,,624,100,,,0
2000002300,'Semaine-01',1317,,625,100,,,0
