21,2100,'Semaine-02',688,689,690,691,692
21,2101,'Semaine-02',693,694,695,696,697
23,2300,'Semaine-02',698,699,700,701,702
23,2301,'Semaine-02',703,704,705,706,707
24,2400,'Semaine-02',708,709,710,711,712
24,2401,'Semaine-02',713,714,715,716,717
25,2500,'Semaine-02',718,719,720,721,722
25,2501,'Semaine-02',723,724,725,726,727
26,2600,'Semaine-02',728,729,730,731,732
26,2601,'Semaine-02',733,734,735,736,737
200,20000,'Fête-1-01',101,102,103,104,105,106,107,108,109,110,111,112,113,114,115,116,117,118,119,120,121,122,123,124,125,126,127,128
200,20000,'Semaine-02',738,739,740,741,742,743,744,745,746,747,748,749,750,751,752,753,754,755,756,757,758,759,760,761,762,763,764,765,766,767,768,769,770,771,772,773,774,775,776,777,778,779,780,781,782,783,784,785,786,787,788,789,790,791,792,793,794,795,796,797,798,799
200,20000,'Week-end-01',241,242,243,244,245,246,247,248,249,250,251,252,253,254,255,256,257,258,259,260,261,262,263,264,265,266,267,268
200,20001,'Fête-1-01',269,270,271,272,273,274,275,276,277,278,279,280,281,282,283,284,285,286,287,288,289,290,291,292,293,294,295
200,20001,'Semaine-02',800,801,802,803,804,805,806,807,808,809,810,811,812,813,814,815,816,817,818,819,820,821,822,823,824,825,826,827,828,829,830,831,832,833,834,835,836,837,838,839,840,841,842,843,844,845,846,847,848,849,850,851,852,853,854
200,20001,'Week-end-01',395,396,397,398,399,400,401,402,403,404,405,406,407,408,409,410,411,412,413,414,415,416,417,418,419,420,421
201,20100,'Semaine-02',855,856,857,858,859,860,861,862,863
201,20101,'Semaine-02',864,865,866,867,868,869,870,871,872
300,30000,'Semaine-02',873,874,875,876,877,878,879,880,881,882,883,884,885
300,30001,'Semaine-02',886,887,888,889,890,891,892,893,894,895
520,52000,'Semaine-02',896,897,898,899,900,901,902,903,904,905,906,907,908,909,910,911,912,913,914,915,916,917,918,919,920,921,922,923,924
520,52001,'Semaine-02',925,926,927,928,929,930,931,932,933,934,935,936,937,938,939,940,941,942,943,944,945,946,947,948,949,950,951,952,953,954
20020,2002000,'Semaine-02',955,956,957,958,959
20020,2002001,'Semaine-02',960,961,962,963,964
20000023,2000002300,'Semaine-02',965
20000023,2000002301,'Semaine-02',966
20000024,2000002400,'Semaine-02',967
20000024,2000002401,'Semaine-02',968
20000026,2000002600,'Semaine-02',969
20000026,2000002601,'Semaine-02',970
20000030,2000003000,'Semaine-02',971,972,973,974,975,976,977,978,979,980,981,982,983
20000030,2000003001,'Semaine-02',984,985,986,987,988,989,990,991,992,993,994,995,996
