2301,'Fête-2-01',538,,31,270,,,0,88,,32,270,,,0,25,,33,270,,,0,70,,34,270,,,0,35,,35,270,,,0
2301,'Semaine-01',538,,36,270,,,0,88,,37,270,,,0,25,,38,270,,,0,70,,39,270,,,0,35,,40,270,,,0
20001,'Fête-1-01',617,,285,390,,,0,101,,269,390,0,9 7 8,0,101,,270,390,0,9 7 8,0,101,,271,390,0,9 7 8,0,29,,286,390,,,0,71,,272,390,0,9 7 8,0,29,,287,390,,,0,71,,273,390,0,9 7 8,0,29,,288,390,,,0,71,,274,390,0,9 7 8,0,29,,289,390,,,0,71,,275,390,0,9 7 8,0,29,,290,390,,,0,71,,276,390,0,9 7 8,0,29,,291,390,,,0,71,,277,390,0,9 7 8,0,29,,292,390,,,0,71,,278,390,0,9 7 8,0,30,,279,390,0,9 7 8,0,100,,280,390,0,9 7 8,0,99,,281,390,0,9 7 8,0,99,,282,390,0,9 7 8,0,100,,283,390,0,9 7 8,0,99,,284,390,0,9 7 8,0,100,,293,390,,,0,100,,294,390,,,0,100,,295,390,,,0
20001,'Fête-2-01',520,,339,100,,,0,13,,327,390,,,0,15,,330,390,,,0,55,,334,390,,,0,15,,335,390,,,0,16,,323,390,,,0,16,,338,390,,,0,54,,297,390,0,9 7 8,0,16,,322,390,,,0,14,,298,390,0,9 7 8,0,16,,321,390,,,0,56,,299,390,0,9 7 8,0,15,,320,390,,,0,15,,296,390,0,9 7 8,0,14,,324,390,,,0,55,,300,390,0,9 7 8,0,31,,336,390,,,0,68,,311,390,0,9 7 8,0,31,,337,390,,,0,69,,313,390,0,9 7 8,0,30,,325,390,,,0,72,,314,390,0,9 7 8,0,30,,315,390,0,9 7 8,0,69,,316,390,0,9 7 8,0,29,,326,390,,,0,71,,317,390,0,9 7 8,0,30,,328,390,,,0,71,,318,390,0,9 7 8,0,31,,329,390,,,0,70,,319,390,0,9 7 8,0,33,,301,390,0,9 7 8,0,69,,302,390,0,9 7 8,0,27,,303,390,0,9 7 8,0,69,,304,390,0,9 7 8,0,29,,305,390,0,9 7 8,0,68,,306,390,0,9 7 8,0,30,,307,390,0,9 7 8,0,69,,308,390,0,9 7 8,0,30,,309,390,0,9 7 8,0,70,,310,390,0,9 7 8,0,30,,312,390,0,9 7 8,0,100,,331,390,,,0,99,,332,390,,,0,90,,333,390,,,0
20001,'Semaine-01',520,,393,100,,,0,13,,373,390,,,0,15,,379,390,,,0,55,,388,390,,,0,15,,389,390,,,0,16,,369,390,,,0,16,,392,390,,,0,54,,343,390,0,9 7 8,0,16,,368,390,,,0,14,,344,390,0,9 7 8,0,16,,367,390,,,0,56,,345,390,0,9 7 8,0,9,,340,390,,,0,6,,366,390,,,0,15,,342,390,0,9 7 8,0,14,,370,390,,,0,55,,346,390,0,9 7 8,0,31,,390,390,,,0,68,,357,390,0,9 7 8,0,31,,391,390,,,0,69,,359,390,0,9 7 8,0,30,,371,390,,,0,16,,375,390,,,0,56,,360,390,0,9 7 8,0,30,,361,390,0,9 7 8,0,14,,374,390,,,0,55,,362,390,0,9 7 8,0,29,,372,390,,,0,71,,363,390,0,9 7 8,0,30,,376,390,,,0,71,,364,390,0,9 7 8,0,16,,341,390,,,0,15,,377,390,,,0,15,,378,390,,,0,55,,365,390,0,9 7 8,0,17,,394,390,,,0,16,,347,390,0,9 7 8,0,16,,380,390,,,0,53,,348,390,0,9 7 8,0,13,,381,390,,,0,14,,349,390,0,9 7 8,0,16,,382,390,,,0,53,,350,390,0,9 7 8,0,15,,383,390,,,0,14,,351,390,0,9 7 8,0,13,,384,390,,,0,55,,352,390,0,9 7 8,0,30,,353,390,0,9 7 8,0,69,,354,390,0,9 7 8,0,30,,355,390,0,9 7 8,0,70,,356,390,0,9 7 8,0,30,,358,390,0,9 7 8,0,100,,385,390,,,0,99,,386,390,,,0,90,,387,390,,,0
20001,'Week-end-01',617,,411,390,,,0,101,,395,390,0,9 7 8,0,101,,396,390,0,9 7 8,0,101,,397,390,0,9 7 8,0,29,,412,390,,,0,71,,398,390,0,9 7 8,0,29,,413,390,,,0,71,,399,390,0,9 7 8,0,29,,414,390,,,0,71,,400,390,0,9 7 8,0,29,,415,390,,,0,71,,401,390,0,9 7 8,0,29,,416,390,,,0,71,,402,390,0,9 7 8,0,29,,417,390,,,0,71,,403,390,0,9 7 8,0,29,,418,390,,,0,71,,404,390,0,9 7 8,0,30,,405,390,0,9 7 8,0,100,,406,390,0,9 7 8,0,99,,407,390,0,9 7 8,0,99,,408,390,0,9 7 8,0,100,,409,390,0,9 7 8,0,99,,410,390,0,9 7 8,0,100,,419,390,,,0,100,,420,390,,,0,100,,421,390,,,0
30001,'Fête-2-01',609,,467,110,,,0,50,,474,110,,,0,90,,472,110,,,0,93,,468,400,,,0,82,,473,110,,,0,98,,469,400,,,0,100,,470,400,,,0,102,,471,400,,,0,230,,475,110,,,0,200,,466,110,,,0
30001,'Semaine-01',609,,477,110,,,0,50,,484,110,,,0,90,,482,110,,,0,93,,478,400,,,0,82,,483,110,,,0,98,,479,400,,,0,100,,480,400,,,0,102,,481,400,,,0,230,,485,110,,,0,200,,476,110,,,0
2000002301,'Fête-2-01',1338,,626,270,,,0
2000002301,'Semaine-01',1338,,627,270,,,0
