2300,'Fête-2-01',1635,,21,50,,,0,80,,22,50,,,0,20,,23,50,,,0,70,,24,50,,,0,40,,25,50,,,0
2300,'Semaine-01',1635,,26,50,,,0,80,,27,50,,,0,20,,28,50,,,0,70,,29,50,,,0,40,,30,50,,,0
20000,'Fête-1-01',642,,117,200,,,0,100,,118,200,,,0,109,,101,240,0,6 7 8,0,100,,102,240,0,6 7 8,0,100,,103,240,0,6 7 8,0,62,,119,200,,,0,39,,104,240,0,6 7 8,0,61,,120,200,,,0,39,,105,240,0,6 7 8,0,61,,121,200,,,0,39,,106,240,0,6 7 8,0,61,,122,200,,,0,39,,107,240,0,6 7 8,0,61,,123,200,,,0,39,,108,240,0,6 7 8,0,61,,124,200,,,0,39,,109,240,0,6 7 8,0,70,,110,240,0,6 7 8,0,29,,111,240,0,6 7 8,0,70,,112,240,0,6 7 8,0,100,,113,240,0,6 7 8,0,99,,114,240,0,6 7 8,0,100,,115,240,0,6 7 8,0,100,,116,240,0,6 7 8,0,92,,125,200,,,0,99,,126,200,,,0,100,,127,200,,,0,90,,128,200,,,0
20000,'Fête-2-01',619,,156,200,,,0,32,,171,200,,,0,71,,176,200,,,0,21,,131,240,0,6 7 8,0,10,,177,200,,,0,70,,178,200,,,0,10,,157,200,,,0,15,,158,200,,,0,62,,141,240,0,6 7 8,0,6,,159,200,,,0,23,,146,240,0,6 7 8,0,62,,160,200,,,0,39,,147,240,0,6 7 8,0,61,,161,200,,,0,39,,148,240,0,6 7 8,0,61,,162,200,,,0,39,,149,240,0,6 7 8,0,64,,153,220,,,0,35,,150,240,0,6 7 8,0,6,,163,200,,,0,55,,164,200,,,0,40,,151,240,0,6 7 8,0,62,,165,200,,,0,40,,152,240,0,6 7 8,0,5,,166,200,,,0,69,,129,260,0,6 7 8,0,3,,167,200,,,0,26,,132,240,0,6 7 8,0,55,,154,220,,,0,17,,133,240,0,6 7 8,0,5,,168,200,,,0,23,,134,240,0,6 7 8,0,5,,169,200,,,0,68,,170,200,,,0,1,,130,260,0,6 7 8,0,23,,135,240,0,6 7 8,0,4,,172,200,,,0,64,,136,240,0,6 7 8,0,9,,155,220,,,0,21,,137,240,0,6 7 8,0,70,,138,240,0,6 7 8,0,30,,139,240,0,6 7 8,0,66,,140,240,0,6 7 8,0,30,,142,240,0,6 7 8,0,68,,143,240,0,6 7 8,0,30,,144,240,0,6 7 8,0,69,,145,240,0,6 7 8,0,53,,173,200,,,0,100,,174,200,,,0,80,,175,200,,,0
20000,'Semaine-01',619,,211,200,,,0,17,,221,200,,,0,15,,229,200,,,0,3,,240,160,0,6 7 8,0,2,,182,200,,,0,51,,234,200,,,0,6,,235,200,,,0,9,,236,200,,,0,21,,185,240,0,6 7 8,0,10,,237,200,,,0,55,,238,200,,,0,15,,239,200,,,0,10,,212,200,,,0,10,,179,200,,,0,10,,213,200,,,0,57,,195,240,0,6 7 8,0,6,,214,200,,,0,23,,201,240,0,6 7 8,0,62,,215,200,,,0,24,,180,240,0,6 7 8,0,15,,202,240,0,6 7 8,0,61,,216,200,,,0,39,,203,240,0,6 7 8,0,61,,217,200,,,0,39,,204,240,0,6 7 8,0,6,,218,200,,,0,58,,208,220,,,0,35,,205,240,0,6 7 8,0,6,,220,200,,,0,55,,222,200,,,0,40,,206,240,0,6 7 8,0,62,,223,200,,,0,15,,181,200,,,0,25,,207,240,0,6 7 8,0,5,,224,200,,,0,69,,183,260,0,6 7 8,0,3,,225,200,,,0,26,,186,240,0,6 7 8,0,6,,219,200,,,0,56,,209,220,,,0,10,,187,240,0,6 7 8,0,5,,226,200,,,0,23,,188,240,0,6 7 8,0,5,,227,200,,,0,68,,228,200,,,0,1,,184,260,0,6 7 8,0,23,,189,240,0,6 7 8,0,4,,230,200,,,0,64,,190,240,0,6 7 8,0,9,,210,220,,,0,21,,191,240,0,6 7 8,0,70,,192,240,0,6 7 8,0,30,,193,240,0,6 7 8,0,66,,194,240,0,6 7 8,0,30,,196,240,0,6 7 8,0,13,,197,240,0,6 7 8,0,55,,198,240,0,6 7 8,0,30,,199,240,0,6 7 8,0,69,,200,240,0,6 7 8,0,53,,231,200,,,0,100,,232,200,,,0,80,,233,200,,,0
20000,'Week-end-01',642,,257,200,,,0,100,,258,200,,,0,109,,241,240,0,6 7 8,0,100,,242,240,0,6 7 8,0,100,,243,240,0,6 7 8,0,62,,259,200,,,0,39,,244,240,0,6 7 8,0,61,,260,200,,,0,39,,245,240,0,6 7 8,0,61,,261,200,,,0,39,,246,240,0,6 7 8,0,61,,262,200,,,0,39,,247,240,0,6 7 8,0,61,,263,200,,,0,39,,248,240,0,6 7 8,0,61,,264,200,,,0,39,,249,240,0,6 7 8,0,70,,250,240,0,6 7 8,0,29,,251,240,0,6 7 8,0,70,,252,240,0,6 7 8,0,100,,253,240,0,6 7 8,0,99,,254,240,0,6 7 8,0,100,,255,240,0,6 7 8,0,100,,256,240,0,6 7 8,0,92,,265,200,,,0,99,,266,200,,,0,100,,267,200,,,0,90,,268,200,,,0
30000,'Fête-2-01',1226,,440,160,0,5,0,100,,444,160,,,0,100,,445,160,,,0,85,,446,160,,,0,47,,448,160,0,5,0,100,,452,160,0,5,0,70,,449,160,,,0,26,,442,160,0,5,0,72,,443,160,0,5,0,85,,450,160,,,0,45,,447,160,0,5,0,170,,451,160,0,5,0,125,,441,160,0,5,0
30000,'Semaine-01',1226,,453,160,0,5,0,100,,457,160,,,0,100,,458,160,,,0,85,,459,160,,,0,47,,461,160,0,5,0,100,,465,160,0,5,0,70,,462,160,,,0,26,,455,160,0,5,0,72,,456,160,0,5,0,85,,463,160,0,5,0,45,,460,160,0,5,0,170,,464,160,0,5,0,125,,454,160,0,5,0
2000002300,'Fête-2-01',1313,,624,50,,,0
2000002300,'Semaine-01',1313,,625,50,,,0
