2300,'Fête-2-01',1636,,21,60,,,0,80,,22,60,,,0,20,,23,60,,,0,70,,24,60,,,0,40,,25,60,,,0
2300,'Semaine-01',1636,,26,60,,,0,80,,27,60,,,0,20,,28,60,,,0,70,,29,60,,,0,40,,30,60,,,0
20000,'Fête-1-01',643,,117,210,,,0,100,,118,210,,,0,109,,101,250,0,6 7 8,0,100,,102,250,0,6 7 8,0,100,,103,250,0,6 7 8,0,62,,119,210,,,0,39,,104,250,0,6 7 8,0,61,,120,210,,,0,39,,105,250,0,6 7 8,0,61,,121,210,,,0,39,,106,250,0,6 7 8,0,61,,122,210,,,0,39,,107,250,0,6 7 8,0,61,,123,210,,,0,39,,108,250,0,6 7 8,0,61,,124,210,,,0,39,,109,250,0,6 7 8,0,70,,110,250,0,6 7 8,0,29,,111,250,0,6 7 8,0,70,,112,250,0,6 7 8,0,100,,113,250,0,6 7 8,0,99,,114,250,0,6 7 8,0,100,,115,250,0,6 7 8,0,100,,116,250,0,6 7 8,0,92,,125,210,,,0,99,,126,210,,,0,100,,127,210,,,0,90,,128,210,,,0
20000,'Fête-2-01',620,,156,210,,,0,32,,171,210,,,0,71,,176,210,,,0,21,,131,250,0,6 7 8,0,10,,177,210,,,0,70,,178,210,,,0,10,,157,210,,,0,15,,158,210,,,0,62,,141,250,0,6 7 8,0,6,,159,210,,,0,23,,146,250,0,6 7 8,0,62,,160,210,,,0,39,,147,250,0,6 7 8,0,61,,161,210,,,0,39,,148,250,0,6 7 8,0,61,,162,210,,,0,39,,149,250,0,6 7 8,0,64,,153,230,,,0,35,,150,250,0,6 7 8,0,6,,163,210,,,0,55,,164,210,,,0,40,,151,250,0,6 7 8,0,62,,165,210,,,0,40,,152,250,0,6 7 8,0,5,,166,210,,,0,69,,129,270,0,6 7 8,0,3,,167,210,,,0,26,,132,250,0,6 7 8,0,55,,154,230,,,0,17,,133,250,0,6 7 8,0,5,,168,210,,,0,23,,134,250,0,6 7 8,0,5,,169,210,,,0,68,,170,210,,,0,1,,130,270,0,6 7 8,0,23,,135,250,0,6 7 8,0,4,,172,210,,,0,64,,136,250,0,6 7 8,0,9,,155,230,,,0,21,,137,250,0,6 7 8,0,70,,138,250,0,6 7 8,0,30,,139,250,0,6 7 8,0,66,,140,250,0,6 7 8,0,30,,142,250,0,6 7 8,0,68,,143,250,0,6 7 8,0,30,,144,250,0,6 7 8,0,69,,145,250,0,6 7 8,0,53,,173,210,,,0,100,,174,210,,,0,80,,175,210,,,0
20000,'Semaine-01',620,,211,210,,,0,17,,221,210,,,0,15,,229,210,,,0,3,,240,170,0,6 7 8,0,2,,182,210,,,0,51,,234,210,,,0,6,,235,210,,,0,9,,236,210,,,0,21,,185,250,0,6 7 8,0,10,,237,210,,,0,55,,238,210,,,0,15,,239,210,,,0,10,,212,210,,,0,10,,179,210,,,0,10,,213,210,,,0,57,,195,250,0,6 7 8,0,6,,214,210,,,0,23,,201,250,0,6 7 8,0,62,,215,210,,,0,24,,180,250,0,6 7 8,0,15,,202,250,0,6 7 8,0,61,,216,210,,,0,39,,203,250,0,6 7 8,0,61,,217,210,,,0,39,,204,250,0,6 7 8,0,6,,218,210,,,0,58,,208,230,,,0,35,,205,250,0,6 7 8,0,6,,220,210,,,0,55,,222,210,,,0,40,,206,250,0,6 7 8,0,62,,223,210,,,0,15,,181,210,,,0,25,,207,250,0,6 7 8,0,5,,224,210,,,0,69,,183,270,0,6 7 8,0,3,,225,210,,,0,26,,186,250,0,6 7 8,0,6,,219,210,,,0,56,,209,230,,,0,10,,187,250,0,6 7 8,0,5,,226,210,,,0,23,,188,250,0,6 7 8,0,5,,227,210,,,0,68,,228,210,,,0,1,,184,270,0,6 7 8,0,23,,189,250,0,6 7 8,0,4,,230,210,,,0,64,,190,250,0,6 7 8,0,9,,210,230,,,0,21,,191,250,0,6 7 8,0,70,,192,250,0,6 7 8,0,30,,193,250,0,6 7 8,0,66,,194,250,0,6 7 8,0,30,,196,250,0,6 7 8,0,13,,197,250,0,6 7 8,0,55,,198,250,0,6 7 8,0,30,,199,250,0,6 7 8,0,69,,200,250,0,6 7 8,0,53,,231,210,,,0,100,,232,210,,,0,80,,233,210,,,0
20000,'Week-end-01',643,,257,210,,,0,100,,258,210,,,0,109,,241,250,0,6 7 8,0,100,,242,250,0,6 7 8,0,100,,243,250,0,6 7 8,0,62,,259,210,,,0,39,,244,250,0,6 7 8,0,61,,260,210,,,0,39,,245,250,0,6 7 8,0,61,,261,210,,,0,39,,246,250,0,6 7 8,0,61,,262,210,,,0,39,,247,250,0,6 7 8,0,61,,263,210,,,0,39,,248,250,0,6 7 8,0,61,,264,210,,,0,39,,249,250,0,6 7 8,0,70,,250,250,0,6 7 8,0,29,,251,250,0,6 7 8,0,70,,252,250,0,6 7 8,0,100,,253,250,0,6 7 8,0,99,,254,250,0,6 7 8,0,100,,255,250,0,6 7 8,0,100,,256,250,0,6 7 8,0,92,,265,210,,,0,99,,266,210,,,0,100,,267,210,,,0,90,,268,210,,,0
20100,'Semaine-01',1558,,427,100,4,,0,71,,422,100,4,,0,23,,423,100,4,,0,57,,428,100,4,,0,19,,430,100,4,,0,20,,429,100,4,,0,6,,424,100,4,,0,65,,425,100,4,,0,30,,426,100,4,,0
30000,'Fête-2-01',1227,,440,170,0,5,0,100,,444,170,,,0,100,,445,170,,,0,85,,446,170,,,0,47,,448,170,0,5,0,100,,452,170,0,5,0,70,,449,170,,,0,26,,442,170,0,5,0,72,,443,170,0,5,0,85,,450,170,,,0,45,,447,170,0,5,0,170,,451,170,0,5,0,125,,441,170,0,5,0
30000,'Semaine-01',1227,,453,170,0,5,0,100,,457,170,,,0,100,,458,170,,,0,85,,459,170,,,0,47,,461,170,0,5,0,100,,465,170,0,5,0,70,,462,170,,,0,26,,455,170,0,5,0,72,,456,170,0,5,0,85,,463,170,0,5,0,45,,460,170,0,5,0,170,,464,170,0,5,0,125,,454,170,0,5,0
2000002300,'Fête-2-01',1314,,624,60,,,0
2000002300,'Semaine-01',1314,,625,60,,,0
