2500,'Semaine-01',511,,1446,30,,,0,90,,1447,30,,,0,25,,1448,30,,,0,30,,1449,30,,,0,70,,1450,30,,,0
2501,'Semaine-01',1710,,1451,100,,,0,40,,1452,100,,,0,60,,1453,100,,,0,30,,1454,100,,,0,80,,1455,100,,,0
20000,'Fête-1-01',716,,1482,630,4,,0,102,,1483,630,4,,0,110,,1466,670,4,,0,102,,1467,670,4,,0,100,,1468,670,4,,0,21,,1484,630,4,,0,80,,1469,670,4,,0,20,,1485,630,4,,0,80,,1470,670,4,,0,20,,1486,630,4,,0,80,,1471,670,4,,0,20,,1487,630,4,,0,80,,1472,670,4,,0,20,,1488,630,4,,0,80,,1473,670,4,,0,20,,1489,630,4,,0,80,,1474,670,4,,0,70,,1475,670,4,,0,28,,1476,670,4,,0,30,,1477,670,4,,0,100,,1478,670,4,,0,98,,1479,670,4,,0,100,,1480,670,4,,0,98,,1481,670,4,,0,91,,1490,630,4,,0,99,,1491,630,4,,0,100,,1492,630,4,,0,90,,1493,630,4,,0
20000,'Semaine-01',656,,1526,630,4,,0,72,,1544,630,4,,0,16,,1549,630,4,,0,15,,1551,630,4,,0,65,,1500,670,4,,0,7,,1552,630,4,,0,15,,1553,630,4,,0,55,,1554,630,4,,0,20,,1494,630,4,,0,28,,1510,670,4,,0,67,,1516,670,4,,0,22,,1530,630,4,,0,80,,1517,670,4,,0,20,,1531,630,4,,0,80,,1518,670,4,,0,20,,1532,630,4,,0,80,,1519,670,4,,0,22,,1523,650,4,,0,78,,1520,670,4,,0,20,,1537,630,4,,0,83,,1521,670,4,,0,21,,1538,630,4,,0,82,,1539,630,4,,0,2,,1522,670,4,,0,74,,1498,690,4,,0,2,,1540,630,4,,0,26,,1501,670,4,,0,6,,1534,630,4,,0,15,,1524,650,4,,0,9,,1502,670,4,,0,45,,1541,630,4,,0,21,,1503,670,4,,0,5,,1542,630,4,,0,28,,1543,630,4,,0,43,,1499,690,4,,0,21,,1504,670,4,,0,1,,1545,630,4,,0,27,,1505,670,4,,0,6,,1525,650,4,,0,64,,1506,670,4,,0,30,,1507,670,4,,0,70,,1508,670,4,,0,24,,1509,670,4,,0,70,,1511,670,4,,0,27,,1513,670,4,,0,68,,1514,670,4,,0,28,,1515,670,4,,0,94,,1546,630,4,,0,100,,1547,630,4,,0,80,,1548,630,4,,0
20000,'Week-end-01',716,,1572,630,4,,0,102,,1573,630,4,,0,110,,1556,670,4,,0,102,,1557,670,4,,0,100,,1558,670,4,,0,21,,1574,630,4,,0,80,,1559,670,4,,0,20,,1575,630,4,,0,80,,1560,670,4,,0,20,,1576,630,4,,0,80,,1561,670,4,,0,20,,1577,630,4,,0,80,,1562,670,4,,0,20,,1578,630,4,,0,80,,1563,670,4,,0,20,,1579,630,4,,0,80,,1564,670,4,,0,70,,1565,670,4,,0,28,,1566,670,4,,0,30,,1567,670,4,,0,100,,1568,670,4,,0,98,,1569,670,4,,0,100,,1570,670,4,,0,98,,1571,670,4,,0,91,,1580,630,4,,0,99,,1581,630,4,,0,100,,1582,630,4,,0,90,,1583,630,4,,0
20001,'Fête-1-01',545,,1600,10,,,0,100,,1584,10,0,9 7 8,0,100,,1585,10,0,9 7 8,0,100,,1586,10,0,9 7 8,0,70,,1601,10,,,0,30,,1587,10,0,9 7 8,0,70,,1602,10,,,0,30,,1588,10,0,9 7 8,0,70,,1603,10,,,0,30,,1589,10,0,9 7 8,0,70,,1604,10,,,0,30,,1590,10,0,9 7 8,0,70,,1605,10,,,0,30,,1591,10,0,9 7 8,0,70,,1606,10,,,0,30,,1592,10,0,9 7 8,0,70,,1607,10,,,0,30,,1593,10,0,9 7 8,0,70,,1594,10,0,9 7 8,0,100,,1595,10,0,9 7 8,0,100,,1596,10,0,9 7 8,0,100,,1597,10,0,9 7 8,0,100,,1598,10,0,9 7 8,0,100,,1599,10,0,9 7 8,0,100,,1608,10,,,0,100,,1609,10,,,0,100,,1610,10,,,0
20001,'Semaine-01',500,,1644,10,,,0,15,,1650,10,,,0,15,,1659,10,,,0,15,,1660,10,,,0,55,,1640,10,,,0,15,,1663,10,,,0,15,,1614,10,0,9 7 8,0,15,,1639,10,,,0,55,,1615,10,0,9 7 8,0,15,,1638,10,,,0,15,,1616,10,0,9 7 8,0,15,,1637,10,,,0,55,,1613,10,0,9 7 8,0,15,,1641,10,,,0,15,,1617,10,0,9 7 8,0,70,,1661,10,,,0,30,,1628,10,0,9 7 8,0,70,,1662,10,,,0,30,,1630,10,0,9 7 8,0,70,,1642,10,,,0,30,,1631,10,0,9 7 8,0,70,,1632,10,0,9 7 8,0,30,,1633,10,0,9 7 8,0,70,,1643,10,,,0,30,,1634,10,0,9 7 8,0,70,,1647,10,,,0,30,,1635,10,0,9 7 8,0,70,,1648,10,,,0,30,,1636,10,0,9 7 8,0,70,,1618,10,0,9 7 8,0,30,,1619,10,0,9 7 8,0,70,,1620,10,0,9 7 8,0,30,,1621,10,0,9 7 8,0,70,,1622,10,0,9 7 8,0,30,,1623,10,0,9 7 8,0,70,,1624,10,0,9 7 8,0,30,,1625,10,0,9 7 8,0,70,,1626,10,0,9 7 8,0,30,,1627,10,0,9 7 8,0,70,,1629,10,0,9 7 8,0,100,,1656,10,,,0,100,,1657,10,,,0,50,,1658,10,,,0
20001,'Week-end-01',545,,1682,10,,,0,100,,1666,10,0,9 7 8,0,100,,1667,10,0,9 7 8,0,100,,1668,10,0,9 7 8,0,70,,1683,10,,,0,30,,1669,10,0,9 7 8,0,70,,1684,10,,,0,30,,1670,10,0,9 7 8,0,70,,1685,10,,,0,30,,1671,10,0,9 7 8,0,70,,1686,10,,,0,30,,1672,10,0,9 7 8,0,70,,1687,10,,,0,30,,1673,10,0,9 7 8,0,70,,1688,10,,,0,30,,1674,10,0,9 7 8,0,70,,1689,10,,,0,30,,1675,10,0,9 7 8,0,70,,1676,10,0,9 7 8,0,100,,1677,10,0,9 7 8,0,100,,1678,10,0,9 7 8,0,100,,1679,10,0,9 7 8,0,100,,1680,10,0,9 7 8,0,100,,1681,10,0,9 7 8,0,100,,1690,10,,,0,100,,1691,10,,,0,100,,1692,10,,,0
30000,'Semaine-01',1405,,1715,600,4,,0,100,,1716,600,4,,0,45,,1717,600,4,,0,257,,1720,600,4,,0
30001,'Semaine-01',805,,1726,10,,,0,140,,1727,10,,,0,100,,1728,10,,,0,100,,1729,10,,,0
