2301,'Fête-2-01',538,,31,260,,,0,88,,32,260,,,0,25,,33,260,,,0,70,,34,260,,,0,34,,35,260,,,0
2301,'Semaine-01',538,,36,260,,,0,88,,37,260,,,0,25,,38,260,,,0,70,,39,260,,,0,34,,40,260,,,0
20001,'Fête-1-01',616,,285,380,,,0,101,,269,380,0,9 7 8,0,101,,270,380,0,9 7 8,0,102,,271,380,0,9 7 8,0,29,,286,380,,,0,71,,272,380,0,9 7 8,0,29,,287,380,,,0,71,,273,380,0,9 7 8,0,29,,288,380,,,0,71,,274,380,0,9 7 8,0,29,,289,380,,,0,71,,275,380,0,9 7 8,0,29,,290,380,,,0,71,,276,380,0,9 7 8,0,29,,291,380,,,0,71,,277,380,0,9 7 8,0,29,,292,380,,,0,71,,278,380,0,9 7 8,0,30,,279,380,0,9 7 8,0,100,,280,380,0,9 7 8,0,98,,281,380,0,9 7 8,0,99,,282,380,0,9 7 8,0,100,,283,380,0,9 7 8,0,99,,284,380,0,9 7 8,0,100,,293,380,,,0,100,,294,380,,,0,100,,295,380,,,0
20001,'Fête-2-01',519,,339,90,,,0,13,,327,380,,,0,15,,330,380,,,0,55,,334,380,,,0,15,,335,380,,,0,16,,323,380,,,0,17,,338,380,,,0,54,,297,380,0,9 7 8,0,16,,322,380,,,0,14,,298,380,0,9 7 8,0,16,,321,380,,,0,56,,299,380,0,9 7 8,0,15,,320,380,,,0,15,,296,380,0,9 7 8,0,14,,324,380,,,0,55,,300,380,0,9 7 8,0,30,,336,380,,,0,69,,311,380,0,9 7 8,0,31,,337,380,,,0,69,,313,380,0,9 7 8,0,30,,325,380,,,0,71,,314,380,0,9 7 8,0,30,,315,380,0,9 7 8,0,70,,316,380,0,9 7 8,0,29,,326,380,,,0,71,,317,380,0,9 7 8,0,30,,328,380,,,0,70,,318,380,0,9 7 8,0,31,,329,380,,,0,70,,319,380,0,9 7 8,0,33,,301,380,0,9 7 8,0,69,,302,380,0,9 7 8,0,28,,303,380,0,9 7 8,0,69,,304,380,0,9 7 8,0,29,,305,380,0,9 7 8,0,68,,306,380,0,9 7 8,0,30,,307,380,0,9 7 8,0,68,,308,380,0,9 7 8,0,30,,309,380,0,9 7 8,0,70,,310,380,0,9 7 8,0,30,,312,380,0,9 7 8,0,100,,331,380,,,0,99,,332,380,,,0,90,,333,380,,,0
20001,'Semaine-01',519,,393,90,,,0,13,,373,380,,,0,15,,379,380,,,0,55,,388,380,,,0,15,,389,380,,,0,16,,369,380,,,0,17,,392,380,,,0,54,,343,380,0,9 7 8,0,16,,368,380,,,0,14,,344,380,0,9 7 8,0,16,,367,380,,,0,56,,345,380,0,9 7 8,0,8,,340,380,,,0,7,,366,380,,,0,15,,342,380,0,9 7 8,0,14,,370,380,,,0,55,,346,380,0,9 7 8,0,30,,390,380,,,0,69,,357,380,0,9 7 8,0,31,,391,380,,,0,69,,359,380,0,9 7 8,0,30,,371,380,,,0,16,,375,380,,,0,55,,360,380,0,9 7 8,0,30,,361,380,0,9 7 8,0,15,,374,380,,,0,55,,362,380,0,9 7 8,0,29,,372,380,,,0,71,,363,380,0,9 7 8,0,30,,376,380,,,0,70,,364,380,0,9 7 8,0,16,,341,380,,,0,15,,377,380,,,0,15,,378,380,,,0,55,,365,380,0,9 7 8,0,17,,394,380,,,0,16,,347,380,0,9 7 8,0,16,,380,380,,,0,53,,348,380,0,9 7 8,0,14,,381,380,,,0,14,,349,380,0,9 7 8,0,16,,382,380,,,0,53,,350,380,0,9 7 8,0,15,,383,380,,,0,14,,351,380,0,9 7 8,0,13,,384,380,,,0,55,,352,380,0,9 7 8,0,30,,353,380,0,9 7 8,0,68,,354,380,0,9 7 8,0,30,,355,380,0,9 7 8,0,70,,356,380,0,9 7 8,0,30,,358,380,0,9 7 8,0,100,,385,380,,,0,99,,386,380,,,0,90,,387,380,,,0
20001,'Week-end-01',616,,411,380,,,0,101,,395,380,0,9 7 8,0,101,,396,380,0,9 7 8,0,102,,397,380,0,9 7 8,0,29,,412,380,,,0,71,,398,380,0,9 7 8,0,29,,413,380,,,0,71,,399,380,0,9 7 8,0,29,,414,380,,,0,71,,400,380,0,9 7 8,0,29,,415,380,,,0,71,,401,380,0,9 7 8,0,29,,416,380,,,0,71,,402,380,0,9 7 8,0,29,,417,380,,,0,71,,403,380,0,9 7 8,0,29,,418,380,,,0,71,,404,380,0,9 7 8,0,30,,405,380,0,9 7 8,0,100,,406,380,0,9 7 8,0,98,,407,380,0,9 7 8,0,99,,408,380,0,9 7 8,0,100,,409,380,0,9 7 8,0,99,,410,380,0,9 7 8,0,100,,419,380,,,0,100,,420,380,,,0,100,,421,380,,,0
30001,'Fête-2-01',608,,467,100,,,0,50,,474,100,,,0,90,,472,100,,,0,93,,468,390,,,0,82,,473,100,,,0,98,,469,390,,,0,100,,470,390,,,0,102,,471,390,,,0,230,,475,100,,,0,200,,466,100,,,0
30001,'Semaine-01',608,,477,100,,,0,50,,484,100,,,0,90,,482,100,,,0,93,,478,390,,,0,82,,483,100,,,0,98,,479,390,,,0,100,,480,390,,,0,102,,481,390,,,0,230,,485,100,,,0,200,,476,100,,,0
2000002301,'Fête-2-01',1338,,626,260,,,0
2000002301,'Semaine-01',1338,,627,260,,,0
