2301,'Fête-2-01',542,,31,320,,,0,88,,32,320,,,0,25,,33,320,,,0,70,,34,320,,,0,75,,35,320,,,0
2301,'Semaine-01',542,,36,320,,,0,88,,37,320,,,0,25,,38,320,,,0,70,,39,320,,,0,75,,40,320,,,0
20001,'Fête-1-01',620,,285,440,,,0,101,,269,440,0,9 7 8,0,101,,270,440,0,9 7 8,0,102,,271,440,0,9 7 8,0,29,,286,440,,,0,71,,272,440,0,9 7 8,0,29,,287,440,,,0,71,,273,440,0,9 7 8,0,29,,288,440,,,0,71,,274,440,0,9 7 8,0,29,,289,440,,,0,71,,275,440,0,9 7 8,0,29,,290,440,,,0,71,,276,440,0,9 7 8,0,29,,291,440,,,0,71,,277,440,0,9 7 8,0,29,,292,440,,,0,71,,278,440,0,9 7 8,0,30,,279,440,0,9 7 8,0,100,,280,440,0,9 7 8,0,98,,281,440,0,9 7 8,0,99,,282,440,0,9 7 8,0,100,,283,440,0,9 7 8,0,99,,284,440,0,9 7 8,0,100,,293,440,,,0,100,,294,440,,,0,100,,295,440,,,0
20001,'Fête-2-01',522,,339,150,,,0,14,,327,440,,,0,15,,330,440,,,0,55,,334,440,,,0,15,,335,440,,,0,16,,323,440,,,0,18,,338,440,,,0,53,,297,440,0,9 7 8,0,16,,322,440,,,0,14,,298,440,0,9 7 8,0,16,,321,440,,,0,56,,299,440,0,9 7 8,0,15,,320,440,,,0,14,,296,440,0,9 7 8,0,15,,324,440,,,0,55,,300,440,0,9 7 8,0,30,,336,440,,,0,69,,311,440,0,9 7 8,0,31,,337,440,,,0,69,,313,440,0,9 7 8,0,30,,325,440,,,0,72,,314,440,0,9 7 8,0,30,,315,440,0,9 7 8,0,68,,316,440,0,9 7 8,0,29,,326,440,,,0,71,,317,440,0,9 7 8,0,31,,328,440,,,0,71,,318,440,0,9 7 8,0,31,,329,440,,,0,70,,319,440,0,9 7 8,0,33,,301,440,0,9 7 8,0,69,,302,440,0,9 7 8,0,27,,303,440,0,9 7 8,0,69,,304,440,0,9 7 8,0,28,,305,440,0,9 7 8,0,68,,306,440,0,9 7 8,0,30,,307,440,0,9 7 8,0,68,,308,440,0,9 7 8,0,30,,309,440,0,9 7 8,0,70,,310,440,0,9 7 8,0,30,,312,440,0,9 7 8,0,101,,331,440,,,0,99,,332,440,,,0,90,,333,440,,,0
20001,'Semaine-01',522,,393,150,,,0,14,,373,440,,,0,15,,379,440,,,0,55,,388,440,,,0,15,,389,440,,,0,16,,369,440,,,0,18,,392,440,,,0,53,,343,440,0,9 7 8,0,16,,368,440,,,0,14,,344,440,0,9 7 8,0,16,,367,440,,,0,56,,345,440,0,9 7 8,0,8,,340,440,,,0,7,,366,440,,,0,14,,342,440,0,9 7 8,0,15,,370,440,,,0,55,,346,440,0,9 7 8,0,30,,390,440,,,0,69,,357,440,0,9 7 8,0,31,,391,440,,,0,69,,359,440,0,9 7 8,0,30,,371,440,,,0,16,,375,440,,,0,56,,360,440,0,9 7 8,0,30,,361,440,0,9 7 8,0,13,,374,440,,,0,55,,362,440,0,9 7 8,0,29,,372,440,,,0,71,,363,440,0,9 7 8,0,31,,376,440,,,0,71,,364,440,0,9 7 8,0,16,,341,440,,,0,15,,377,440,,,0,15,,378,440,,,0,55,,365,440,0,9 7 8,0,17,,394,440,,,0,16,,347,440,0,9 7 8,0,56,,380,440,,,0,13,,348,440,0,9 7 8,0,12,,381,440,,,0,15,,349,440,0,9 7 8,0,15,,382,440,,,0,54,,350,440,0,9 7 8,0,14,,383,440,,,0,14,,351,440,0,9 7 8,0,13,,384,440,,,0,55,,352,440,0,9 7 8,0,30,,353,440,0,9 7 8,0,68,,354,440,0,9 7 8,0,30,,355,440,0,9 7 8,0,70,,356,440,0,9 7 8,0,30,,358,440,0,9 7 8,0,101,,385,440,,,0,99,,386,440,,,0,90,,387,440,,,0
20001,'Week-end-01',620,,411,440,,,0,101,,395,440,0,9 7 8,0,101,,396,440,0,9 7 8,0,102,,397,440,0,9 7 8,0,29,,412,440,,,0,71,,398,440,0,9 7 8,0,29,,413,440,,,0,71,,399,440,0,9 7 8,0,29,,414,440,,,0,71,,400,440,0,9 7 8,0,29,,415,440,,,0,71,,401,440,0,9 7 8,0,29,,416,440,,,0,71,,402,440,0,9 7 8,0,29,,417,440,,,0,71,,403,440,0,9 7 8,0,29,,418,440,,,0,71,,404,440,0,9 7 8,0,30,,405,440,0,9 7 8,0,100,,406,440,0,9 7 8,0,98,,407,440,0,9 7 8,0,99,,408,440,0,9 7 8,0,100,,409,440,0,9 7 8,0,99,,410,440,0,9 7 8,0,100,,419,440,,,0,100,,420,440,,,0,100,,421,440,,,0
30001,'Fête-2-01',612,,467,160,,,0,91,,474,160,,,0,50,,472,160,,,0,93,,468,450,,,0,82,,473,160,,,0,98,,469,450,,,0,99,,470,450,,,0,102,,471,450,,,0,230,,475,160,,,0,200,,466,160,,,0
30001,'Semaine-01',612,,477,160,,,0,91,,484,160,,,0,50,,482,160,,,0,93,,478,450,,,0,82,,483,160,,,0,98,,479,450,,,0,99,,480,450,,,0,102,,481,450,,,0,230,,485,160,,,0,200,,476,160,,,0
2002001,'Fête-2-01',543,,614,310,,,0,90,,615,310,,,0,25,,616,310,,,0,68,,617,310,,,0,30,,618,310,,,0
2002001,'Semaine-01',543,,619,310,,,0,90,,620,310,,,0,25,,621,310,,,0,68,,622,310,,,0,30,,623,310,,,0
2000002301,'Fête-2-01',1342,,626,320,,,0
2000002301,'Semaine-01',1342,,627,320,,,0
