2301,'Fête-2-01',540,,31,300,,,0,88,,32,300,,,0,25,,33,300,,,0,70,,34,300,,,0,35,,35,300,,,0
2301,'Semaine-01',540,,36,300,,,0,88,,37,300,,,0,25,,38,300,,,0,70,,39,300,,,0,35,,40,300,,,0
20001,'Fête-1-01',619,,285,420,,,0,101,,269,420,0,9 7 8,0,101,,270,420,0,9 7 8,0,102,,271,420,0,9 7 8,0,29,,286,420,,,0,71,,272,420,0,9 7 8,0,29,,287,420,,,0,71,,273,420,0,9 7 8,0,29,,288,420,,,0,71,,274,420,0,9 7 8,0,29,,289,420,,,0,71,,275,420,0,9 7 8,0,29,,290,420,,,0,71,,276,420,0,9 7 8,0,29,,291,420,,,0,71,,277,420,0,9 7 8,0,29,,292,420,,,0,71,,278,420,0,9 7 8,0,30,,279,420,0,9 7 8,0,100,,280,420,0,9 7 8,0,98,,281,420,0,9 7 8,0,99,,282,420,0,9 7 8,0,100,,283,420,0,9 7 8,0,99,,284,420,0,9 7 8,0,100,,293,420,,,0,100,,294,420,,,0,100,,295,420,,,0
20001,'Fête-2-01',521,,339,130,,,0,14,,327,420,,,0,15,,330,420,,,0,55,,334,420,,,0,15,,335,420,,,0,16,,323,420,,,0,17,,338,420,,,0,54,,297,420,0,9 7 8,0,16,,322,420,,,0,14,,298,420,0,9 7 8,0,16,,321,420,,,0,56,,299,420,0,9 7 8,0,15,,320,420,,,0,14,,296,420,0,9 7 8,0,15,,324,420,,,0,55,,300,420,0,9 7 8,0,30,,336,420,,,0,69,,311,420,0,9 7 8,0,31,,337,420,,,0,69,,313,420,0,9 7 8,0,30,,325,420,,,0,72,,314,420,0,9 7 8,0,30,,315,420,0,9 7 8,0,68,,316,420,0,9 7 8,0,29,,326,420,,,0,71,,317,420,0,9 7 8,0,31,,328,420,,,0,71,,318,420,0,9 7 8,0,31,,329,420,,,0,70,,319,420,0,9 7 8,0,33,,301,420,0,9 7 8,0,69,,302,420,0,9 7 8,0,27,,303,420,0,9 7 8,0,69,,304,420,0,9 7 8,0,28,,305,420,0,9 7 8,0,68,,306,420,0,9 7 8,0,30,,307,420,0,9 7 8,0,68,,308,420,0,9 7 8,0,30,,309,420,0,9 7 8,0,70,,310,420,0,9 7 8,0,30,,312,420,0,9 7 8,0,101,,331,420,,,0,99,,332,420,,,0,90,,333,420,,,0
20001,'Semaine-01',521,,393,130,,,0,14,,373,420,,,0,15,,379,420,,,0,55,,388,420,,,0,15,,389,420,,,0,16,,369,420,,,0,17,,392,420,,,0,54,,343,420,0,9 7 8,0,16,,368,420,,,0,14,,344,420,0,9 7 8,0,16,,367,420,,,0,56,,345,420,0,9 7 8,0,8,,340,420,,,0,7,,366,420,,,0,14,,342,420,0,9 7 8,0,15,,370,420,,,0,55,,346,420,0,9 7 8,0,30,,390,420,,,0,69,,357,420,0,9 7 8,0,31,,391,420,,,0,69,,359,420,0,9 7 8,0,30,,371,420,,,0,16,,375,420,,,0,56,,360,420,0,9 7 8,0,30,,361,420,0,9 7 8,0,13,,374,420,,,0,55,,362,420,0,9 7 8,0,29,,372,420,,,0,71,,363,420,0,9 7 8,0,31,,376,420,,,0,71,,364,420,0,9 7 8,0,16,,341,420,,,0,15,,377,420,,,0,15,,378,420,,,0,55,,365,420,0,9 7 8,0,17,,394,420,,,0,16,,347,420,0,9 7 8,0,16,,380,420,,,0,53,,348,420,0,9 7 8,0,12,,381,420,,,0,15,,349,420,0,9 7 8,0,15,,382,420,,,0,54,,350,420,0,9 7 8,0,14,,383,420,,,0,14,,351,420,0,9 7 8,0,13,,384,420,,,0,55,,352,420,0,9 7 8,0,30,,353,420,0,9 7 8,0,68,,354,420,0,9 7 8,0,30,,355,420,0,9 7 8,0,70,,356,420,0,9 7 8,0,30,,358,420,0,9 7 8,0,101,,385,420,,,0,99,,386,420,,,0,90,,387,420,,,0
20001,'Week-end-01',619,,411,420,,,0,101,,395,420,0,9 7 8,0,101,,396,420,0,9 7 8,0,102,,397,420,0,9 7 8,0,29,,412,420,,,0,71,,398,420,0,9 7 8,0,29,,413,420,,,0,71,,399,420,0,9 7 8,0,29,,414,420,,,0,71,,400,420,0,9 7 8,0,29,,415,420,,,0,71,,401,420,0,9 7 8,0,29,,416,420,,,0,71,,402,420,0,9 7 8,0,29,,417,420,,,0,71,,403,420,0,9 7 8,0,29,,418,420,,,0,71,,404,420,0,9 7 8,0,30,,405,420,0,9 7 8,0,100,,406,420,0,9 7 8,0,98,,407,420,0,9 7 8,0,99,,408,420,0,9 7 8,0,100,,409,420,0,9 7 8,0,99,,410,420,0,9 7 8,0,100,,419,420,,,0,100,,420,420,,,0,100,,421,420,,,0
30001,'Fête-2-01',611,,467,140,,,0,90,,474,140,,,0,50,,472,140,,,0,93,,468,430,,,0,82,,473,140,,,0,98,,469,430,,,0,100,,470,430,,,0,102,,471,430,,,0,230,,475,140,,,0,200,,466,140,,,0
30001,'Semaine-01',611,,477,140,,,0,90,,484,140,,,0,50,,482,140,,,0,93,,478,430,,,0,82,,483,140,,,0,98,,479,430,,,0,100,,480,430,,,0,102,,481,430,,,0,230,,485,140,,,0,200,,476,140,,,0
2000002301,'Fête-2-01',1340,,626,300,,,0
2000002301,'Semaine-01',1340,,627,300,,,0
