2301,'Fête-2-01',539,,31,280,,,0,88,,32,280,,,0,25,,33,280,,,0,70,,34,280,,,0,35,,35,280,,,0
2301,'Semaine-01',539,,36,280,,,0,88,,37,280,,,0,25,,38,280,,,0,70,,39,280,,,0,35,,40,280,,,0
20001,'Fête-1-01',618,,285,400,,,0,101,,269,400,0,9 7 8,0,101,,270,400,0,9 7 8,0,102,,271,400,0,9 7 8,0,29,,286,400,,,0,71,,272,400,0,9 7 8,0,29,,287,400,,,0,71,,273,400,0,9 7 8,0,29,,288,400,,,0,71,,274,400,0,9 7 8,0,29,,289,400,,,0,71,,275,400,0,9 7 8,0,29,,290,400,,,0,71,,276,400,0,9 7 8,0,29,,291,400,,,0,71,,277,400,0,9 7 8,0,29,,292,400,,,0,71,,278,400,0,9 7 8,0,30,,279,400,0,9 7 8,0,100,,280,400,0,9 7 8,0,98,,281,400,0,9 7 8,0,99,,282,400,0,9 7 8,0,100,,283,400,0,9 7 8,0,99,,284,400,0,9 7 8,0,100,,293,400,,,0,100,,294,400,,,0,100,,295,400,,,0
20001,'Fête-2-01',521,,339,110,,,0,13,,327,400,,,0,15,,330,400,,,0,55,,334,400,,,0,15,,335,400,,,0,16,,323,400,,,0,17,,338,400,,,0,54,,297,400,0,9 7 8,0,16,,322,400,,,0,14,,298,400,0,9 7 8,0,16,,321,400,,,0,56,,299,400,0,9 7 8,0,15,,320,400,,,0,15,,296,400,0,9 7 8,0,14,,324,400,,,0,55,,300,400,0,9 7 8,0,30,,336,400,,,0,69,,311,400,0,9 7 8,0,31,,337,400,,,0,69,,313,400,0,9 7 8,0,30,,325,400,,,0,72,,314,400,0,9 7 8,0,30,,315,400,0,9 7 8,0,69,,316,400,0,9 7 8,0,29,,326,400,,,0,71,,317,400,0,9 7 8,0,30,,328,400,,,0,71,,318,400,0,9 7 8,0,31,,329,400,,,0,70,,319,400,0,9 7 8,0,33,,301,400,0,9 7 8,0,69,,302,400,0,9 7 8,0,27,,303,400,0,9 7 8,0,69,,304,400,0,9 7 8,0,29,,305,400,0,9 7 8,0,68,,306,400,0,9 7 8,0,30,,307,400,0,9 7 8,0,68,,308,400,0,9 7 8,0,30,,309,400,0,9 7 8,0,70,,310,400,0,9 7 8,0,30,,312,400,0,9 7 8,0,100,,331,400,,,0,99,,332,400,,,0,90,,333,400,,,0
20001,'Semaine-01',521,,393,110,,,0,13,,373,400,,,0,15,,379,400,,,0,55,,388,400,,,0,15,,389,400,,,0,16,,369,400,,,0,17,,392,400,,,0,54,,343,400,0,9 7 8,0,16,,368,400,,,0,14,,344,400,0,9 7 8,0,16,,367,400,,,0,56,,345,400,0,9 7 8,0,8,,340,400,,,0,7,,366,400,,,0,15,,342,400,0,9 7 8,0,14,,370,400,,,0,55,,346,400,0,9 7 8,0,30,,390,400,,,0,69,,357,400,0,9 7 8,0,31,,391,400,,,0,69,,359,400,0,9 7 8,0,30,,371,400,,,0,16,,375,400,,,0,56,,360,400,0,9 7 8,0,30,,361,400,0,9 7 8,0,14,,374,400,,,0,55,,362,400,0,9 7 8,0,29,,372,400,,,0,71,,363,400,0,9 7 8,0,30,,376,400,,,0,71,,364,400,0,9 7 8,0,16,,341,400,,,0,15,,377,400,,,0,15,,378,400,,,0,55,,365,400,0,9 7 8,0,17,,394,400,,,0,16,,347,400,0,9 7 8,0,16,,380,400,,,0,53,,348,400,0,9 7 8,0,13,,381,400,,,0,14,,349,400,0,9 7 8,0,16,,382,400,,,0,53,,350,400,0,9 7 8,0,15,,383,400,,,0,14,,351,400,0,9 7 8,0,13,,384,400,,,0,55,,352,400,0,9 7 8,0,30,,353,400,0,9 7 8,0,68,,354,400,0,9 7 8,0,30,,355,400,0,9 7 8,0,70,,356,400,0,9 7 8,0,30,,358,400,0,9 7 8,0,100,,385,400,,,0,99,,386,400,,,0,90,,387,400,,,0
20001,'Week-end-01',618,,411,400,,,0,101,,395,400,0,9 7 8,0,101,,396,400,0,9 7 8,0,102,,397,400,0,9 7 8,0,29,,412,400,,,0,71,,398,400,0,9 7 8,0,29,,413,400,,,0,71,,399,400,0,9 7 8,0,29,,414,400,,,0,71,,400,400,0,9 7 8,0,29,,415,400,,,0,71,,401,400,0,9 7 8,0,29,,416,400,,,0,71,,402,400,0,9 7 8,0,29,,417,400,,,0,71,,403,400,0,9 7 8,0,29,,418,400,,,0,71,,404,400,0,9 7 8,0,30,,405,400,0,9 7 8,0,100,,406,400,0,9 7 8,0,98,,407,400,0,9 7 8,0,99,,408,400,0,9 7 8,0,100,,409,400,0,9 7 8,0,99,,410,400,0,9 7 8,0,100,,419,400,,,0,100,,420,400,,,0,100,,421,400,,,0
20101,'Semaine-01',604,,431,70,,,0,24,,436,30,,,0,16,,432,70,,,0,4,,437,30,,,0,11,,433,70,,,0,59,,438,30,,,0,11,,434,70,,,0,19,,439,30,,,0,52,,435,70,,,0
30001,'Fête-2-01',610,,467,120,,,0,90,,474,120,,,0,50,,472,120,,,0,93,,468,410,,,0,82,,473,120,,,0,98,,469,410,,,0,100,,470,410,,,0,102,,471,410,,,0,230,,475,120,,,0,200,,466,120,,,0
30001,'Semaine-01',610,,477,120,,,0,90,,484,120,,,0,50,,482,120,,,0,93,,478,410,,,0,82,,483,120,,,0,98,,479,410,,,0,100,,480,410,,,0,102,,481,410,,,0,230,,485,120,,,0,200,,476,120,,,0
2000002301,'Fête-2-01',1339,,626,280,,,0
2000002301,'Semaine-01',1339,,627,280,,,0
