20000,'Fête-1-01',615,,117,,,0,100,,118,,,0,100,,101,0,6 7 8,0,100,,102,0,6 7 8,0,100,,103,0,6 7 8,0,30,,119,,,0,70,,104,0,6 7 8,0,30,,120,,,0,70,,105,0,6 7 8,0,30,,121,,,0,70,,106,0,6 7 8,0,30,,122,,,0,70,,107,0,6 7 8,0,30,,123,,,0,70,,108,0,6 7 8,0,30,,124,,,0,70,,109,0,6 7 8,0,30,,110,0,6 7 8,0,70,,111,0,6 7 8,0,30,,112,0,6 7 8,0,100,,113,0,6 7 8,0,100,,114,0,6 7 8,0,100,,115,0,6 7 8,0,100,,116,0,6 7 8,0,100,,125,,,0,100,,126,,,0,100,,127,,,0,90,,128,,,0
20000,'Fête-2-01',550,,156,,,0,70,,171,,,0,30,,176,,,0,55,,131,0,6 7 8,0,15,,177,,,0,30,,178,,,0,50,,157,,,0,15,,158,,,0,15,,141,0,6 7 8,0,15,,159,,,0,55,,146,0,6 7 8,0,30,,160,,,0,70,,147,0,6 7 8,0,30,,161,,,0,70,,148,0,6 7 8,0,30,,162,,,0,70,,149,0,6 7 8,0,31,,153,,,0,69,,150,0,6 7 8,0,15,,163,,,0,15,,164,,,0,70,,151,0,6 7 8,0,30,,165,,,0,70,,152,0,6 7 8,0,15,,166,,,0,17,,129,0,6 7 8,0,13,,167,,,0,55,,132,0,6 7 8,0,18,2,154,,,0,12,,133,0,6 7 8,0,15,,168,,,0,55,,134,0,6 7 8,0,15,,169,,,0,18,2,130,0,6 7 8,0,12,,170,,,0,55,,135,0,6 7 8,0,15,,172,,,0,15,,136,0,6 7 8,0,16,2,155,,,0,54,,137,0,6 7 8,0,30,,138,0,6 7 8,0,70,,139,0,6 7 8,0,30,,140,0,6 7 8,0,70,,142,0,6 7 8,0,30,,143,0,6 7 8,0,70,,144,0,6 7 8,0,30,,145,0,6 7 8,0,100,,173,,,0,100,,174,,,0,80,,175,,,0
20000,'Semaine-01',550,,211,,,0,55,,221,,,0,15,,229,,,0,5,,182,,,0,10,,234,,,0,6,,235,,,0,9,,236,,,0,55,,185,0,6 7 8,0,15,,237,,,0,15,,238,,,0,15,,239,,,0,50,,212,,,0,10,,179,,,0,10,,213,,,0,10,,195,0,6 7 8,0,15,,214,,,0,55,,201,0,6 7 8,0,30,,215,,,0,15,,180,0,6 7 8,0,55,,202,0,6 7 8,0,30,,216,,,0,70,,203,0,6 7 8,0,30,,217,,,0,70,,204,0,6 7 8,0,15,,218,,,0,16,,208,,,0,69,,205,0,6 7 8,0,15,,220,,,0,15,,222,,,0,70,,206,0,6 7 8,0,30,,223,,,0,15,,181,,,0,55,,207,0,6 7 8,0,15,,224,,,0,17,,183,0,6 7 8,0,13,,225,,,0,55,,186,0,6 7 8,0,15,,219,,,0,10,2,209,,,0,5,,187,0,6 7 8,0,15,,226,,,0,55,,188,0,6 7 8,0,15,,227,,,0,18,2,184,0,6 7 8,0,12,,228,,,0,55,,189,0,6 7 8,0,15,,230,,,0,15,,190,0,6 7 8,0,16,2,210,,,0,54,,191,0,6 7 8,0,30,,192,0,6 7 8,0,70,,193,0,6 7 8,0,30,,194,0,6 7 8,0,70,,196,0,6 7 8,0,15,,197,0,6 7 8,0,15,,198,0,6 7 8,0,70,,199,0,6 7 8,0,30,,200,0,6 7 8,0,100,,231,,,0,100,,232,,,0,80,,233,,,0
20000,'Week-end-01',615,,257,,,0,100,,258,,,0,100,,241,0,6 7 8,0,100,,242,0,6 7 8,0,100,,243,0,6 7 8,0,30,,259,,,0,70,,244,0,6 7 8,0,30,,260,,,0,70,,245,0,6 7 8,0,30,,261,,,0,70,,246,0,6 7 8,0,30,,262,,,0,70,,247,0,6 7 8,0,30,,263,,,0,70,,248,0,6 7 8,0,30,,264,,,0,70,,249,0,6 7 8,0,30,,250,0,6 7 8,0,70,,251,0,6 7 8,0,30,,252,0,6 7 8,0,100,,253,0,6 7 8,0,100,,254,0,6 7 8,0,100,,255,0,6 7 8,0,100,,256,0,6 7 8,0,100,,265,,,0,100,,266,,,0,100,,267,,,0,90,,268,,,0
20001,'Fête-1-01',649,,285,4,,0,107,,269,4,,0,103,,270,4,,0,142,,271,4,,0,21,,286,4,,0,79,,272,4,,0,24,,287,4,,0,77,,273,4,,0,23,,288,4,,0,77,,274,4,,0,23,,289,4,,0,77,,275,4,,0,23,,290,4,,0,77,,276,4,,0,23,,291,4,,0,77,,277,4,,0,23,,292,4,,0,77,,278,4,,0,30,,279,4,,0,100,,280,4,,0,97,,281,4,,0,98,,282,4,,0,100,,283,4,,0,98,,284,4,,0,92,,293,4,,0,100,,294,4,,0,100,,295,4,,0
20001,'Fête-2-01',550,,339,4,,0,57,,327,4,,0,15,,330,4,,0,16,,334,4,,0,16,,335,4,,0,53,,323,4,,0,21,,338,4,,0,23,,297,4,,0,50,,322,4,,0,19,,298,4,,0,10,,321,4,,0,21,,299,4,,0,52,,320,4,,0,19,,296,4,,0,2,,324,4,,0,22,,300,4,,0,64,,336,4,,0,36,,311,4,,0,63,,337,4,,0,37,,313,4,,0,62,,325,4,,0,38,,314,4,,0,70,,315,4,,0,28,,316,4,,0,62,,326,4,,0,40,,317,4,,0,62,,328,4,,0,45,,318,4,,0,61,,329,4,,0,39,,319,4,,0,75,,301,4,,0,26,,302,4,,0,68,,303,4,,0,27,,304,4,,0,66,,305,4,,0,29,,306,4,,0,70,,307,4,,0,26,,308,4,,0,70,,309,4,,0,30,,310,4,,0,70,,312,4,,0,94,,331,4,,0,98,,332,4,,0,50,,333,4,,0
20001,'Semaine-01',550,,393,4,,0,57,,373,4,,0,15,,379,4,,0,16,,388,4,,0,16,,389,4,,0,53,,369,4,,0,21,,392,4,,0,23,,343,4,,0,50,,368,4,,0,19,,344,4,,0,10,,367,4,,0,20,,340,4,,0,1,,345,4,,0,52,,366,4,,0,19,,342,4,,0,2,,370,4,,0,22,,346,4,,0,64,,390,4,,0,36,,357,4,,0,63,,391,4,,0,37,,359,4,,0,62,,371,4,,0,16,,375,4,,0,22,,360,4,,0,70,,361,4,,0,6,,374,4,,0,22,,362,4,,0,62,,372,4,,0,40,,363,4,,0,62,,376,4,,0,45,,364,4,,0,6,,341,4,,0,55,,377,4,,0,15,,378,4,,0,24,,365,4,,0,52,,394,4,,0,23,,347,4,,0,8,,380,4,,0,18,,348,4,,0,47,,381,4,,0,21,,349,4,,0,7,,382,4,,0,20,,350,4,,0,7,,383,4,,0,59,,351,4,,0,6,,384,4,,0,23,,352,4,,0,70,,353,4,,0,26,,354,4,,0,70,,355,4,,0,30,,356,4,,0,70,,358,4,,0,94,,385,4,,0,98,,386,4,,0,50,,387,4,,0
20001,'Week-end-01',649,,411,4,,0,107,,395,4,,0,103,,396,4,,0,142,,397,4,,0,21,,412,4,,0,79,,398,4,,0,24,,413,4,,0,77,,399,4,,0,23,,414,4,,0,77,,400,4,,0,23,,415,4,,0,77,,401,4,,0,23,,416,4,,0,77,,402,4,,0,23,,417,4,,0,77,,403,4,,0,23,,418,4,,0,77,,404,4,,0,30,,405,4,,0,100,,406,4,,0,97,,407,4,,0,98,,408,4,,0,100,,409,4,,0,98,,410,4,,0,92,,419,4,,0,100,,420,4,,0,100,,421,4,,0
20100,'Semaine-01',1525,,427,0,5,0,30,,422,0,5,0,63,,423,,,0,17,,428,0,5,0,15,,430,0,5,0,60,,429,0,5,0,10,,424,,,0,30,,425,,,0,70,,426,,,0
20101,'Semaine-01',632,,431,4,,0,26,,436,4,,0,56,,432,4,,0,7,,437,4,,0,13,,433,4,,0,19,,438,4,,0,51,,434,4,,0,16,,439,4,,0,12,,435,4,,0
