700,73222,1,0
700,73225,2,0
700,73226,3,0
700,73227,4,0
700,73228,5,0
700,73229,6,0
700,73230,7,0
700,73231,8,0
700,73840,9,0
700,73841,10,0
700,73232,11,0
700,73233,12,0
700,73234,13,0
700,73235,14,0
700,73223,15,0
700,73224,16,0
700,73278,17,0
700,73236,18,0
700,73852,19,0
700,73854,20,0
700,73855,21,0
700,73856,22,0
700,73857,23,0
700,73858,24,0
700,73238,25,0
700,73239,26,0
700,73240,27,0
700,73241,28,0
700,73242,29,0
700,73256,30,0
700,73243,31,0
700,73244,32,0
700,73281,33,0
700,73245,34,0
700,73246,35,0
700,73247,36,0
700,73248,37,0
700,73249,38,0
700,73250,39,0
700,73251,40,0
700,73282,41,0
700,73252,42,0
700,73253,43,0
700,73254,44,0
700,73255,45,0
700,73207,46,1
701,73222,1,0
701,73257,2,0
701,73258,3,0
701,73259,4,0
701,73284,5,0
701,73260,6,0
701,73285,7,0
701,73261,8,0
701,73286,9,0
701,73262,10,0
701,73287,11,0
701,73223,12,0
701,73224,13,0
701,73263,14,0
701,73288,15,0
701,73264,16,0
701,73265,17,0
701,73266,18,0
701,73267,19,0
701,73268,20,0
701,73289,21,0
701,73290,22,0
701,73269,23,0
701,73270,24,0
701,73239,25,0
701,73240,26,0
701,73241,27,0
701,73242,28,0
701,73256,29,0
701,73225,30,0
701,73271,31,0
701,73863,32,0
701,73272,33,0
701,73291,34,0
701,73273,35,0
701,73274,36,0
701,73865,37,0
701,73275,38,0
701,73866,39,0
701,73867,40,0
701,73868,41,0
701,73276,42,0
701,73277,43,0
701,73873,44,0
701,73975,45,0
701,73976,46,0
701,73979,47,0
701,73984,48,0
701,73977,49,0
701,73874,50,0
701,73876,51,0
701,73292,52,0
701,201001,53,0
701,101009,54,0
701,101005,55,0
701,73207,56,1
1200,73222,1,0
1200,73213,2,0
1200,73301,3,0
1200,73440,4,0
1200,73441,5,0
1200,73442,6,0
1200,73466,7,0
1200,73443,8,0
1200,73444,9,0
1200,73445,10,0
1200,73467,11,0
1200,73468,12,0
1200,73469,13,0
1200,73446,14,0
1200,73447,15,0
1200,73448,16,0
1200,73449,17,0
1200,73450,18,0
1200,73451,19,0
1200,73452,20,0
1200,73453,21,0
1200,73454,22,0
1200,73455,23,0
1200,73931,24,0
1200,73932,25,0
1200,73933,26,0
1200,73456,27,0
1200,73457,28,0
1200,73458,29,0
1200,73459,30,0
1200,73460,31,0
1200,73470,32,0
1200,73461,33,0
1200,73462,34,0
1200,73463,35,0
1200,73464,36,0
1200,73465,37,0
1200,73937,38,0
1200,73967,39,0
1200,73427,40,0
1200,73939,41,0
1200,73434,42,0
1200,73306,43,0
1200,73302,44,0
1200,73214,45,1
7001,73700,1,0
7001,73773,2,0
7001,73774,3,0
7001,73779,4,0
7001,73778,5,0
7001,73776,6,0
7001,73777,7,0
7001,73996,8,0
7001,73765,9,0
7001,73766,10,0
7001,73767,11,0
7001,73768,12,0
7001,73769,13,0
7001,73771,14,0
7001,73772,15,1
7101,73700,1,0
7101,73676,2,0
7101,73675,3,0
7101,73674,4,0
7101,73665,5,0
7101,73800,6,0
7101,73697,7,0
7101,73698,8,0
7101,73699,9,0
7101,73701,10,1
20000,73995,1,0
20000,73033,2,0
20000,73035,3,0
20000,73031,4,0
20000,73029,5,0
20000,73025,6,0
20000,73023,7,0
20000,73027,8,0
20000,73026,9,0
20000,73019,10,0
20000,73021,11,0
20000,73017,12,0
20000,73001,13,0
20000,73003,14,0
20000,73007,15,0
20000,73009,16,0
20000,73011,17,0
20000,73015,18,0
20000,73101,19,0
20000,201001,20,0
20000,101009,21,0
20000,101005,22,0
20000,101008,23,0
20000,73207,24,0
20000,73209,25,0
20000,101006,26,0
20000,73213,27,0
20000,73301,28,0
20000,73303,29,0
20000,73305,30,0
20000,73307,31,0
20000,73309,32,0
20000,73311,33,0
20000,73313,34,0
20000,73315,35,0
20000,73317,36,0
20000,73319,37,0
20000,73321,38,0
20000,73323,39,0
20000,73501,40,0
20000,73503,41,0
20000,73505,42,0
20000,73507,43,0
20000,73509,44,0
20000,73511,45,0
20000,73513,46,0
20000,73601,47,0
20000,73603,48,0
20000,73605,49,0
20000,73635,50,0
20000,73607,51,0
20000,73609,52,0
20000,73611,53,0
20000,73613,54,0
20000,73615,55,0
20000,73617,56,0
20000,73619,57,0
20000,73621,58,0
20000,73623,59,0
20000,73625,60,0
20000,73627,61,0
20000,73629,62,0
20000,73631,63,0
20000,73996,64,1
20001,73996,1,0
20001,73632,2,0
20001,73630,3,0
20001,73628,4,0
20001,73626,5,0
20001,73624,6,0
20001,73622,7,0
20001,73620,8,0
20001,73618,9,0
20001,73616,10,0
20001,73614,11,0
20001,73612,12,0
20001,73610,13,0
20001,73608,14,0
20001,73636,15,0
20001,73606,16,0
20001,73604,17,0
20001,73602,18,0
20001,73514,19,0
20001,73510,20,0
20001,73508,21,0
20001,73506,22,0
20001,73504,23,0
20001,73502,24,0
20001,73324,25,0
20001,73322,26,0
20001,73320,27,0
20001,73318,28,0
20001,73316,29,0
20001,73314,30,0
20001,73312,31,0
20001,303035,32,0
20001,303036,33,0
20001,73306,34,0
20001,73304,35,0
20001,73302,36,0
20001,73214,37,0
20001,73212,38,0
20001,73208,39,0
20001,73206,40,0
20001,73204,41,0
20001,73202,42,0
20001,73104,43,0
20001,73102,44,0
20001,73016,45,0
20001,73014,46,0
20001,73012,47,0
20001,73010,48,0
20001,73008,49,0
20001,73006,50,0
20001,73004,51,0
20001,73002,52,0
20001,73018,53,0
20001,73022,54,0
20001,73020,55,0
20001,73024,56,0
20001,73026,57,0
20001,73028,58,0
20001,73030,59,0
20001,73032,60,0
20001,73034,61,0
20001,73995,62,1
